1.95397
5.40271
2.69161
2.6616
2.32806
1.56641
0.997631
2.33515
1.37104
0.151774
1.13289
1.12342
0.0627871
1.2882
1.11007
2.03528
2.16834
1.48529
1.13057
1.10843
0.0574596
1.12577
0.67581
1.15949
1.10669
0.7929
0.0895822
0.421981
0.611772
0.247777
1.08916
1.22157
0.369164
0.0578566
0.0707449
0.0707453
0.369159
0.0663735
0.659722
0.0539516
1.31091
1.11533
0.134469
1.49364
1.10135
0.432314
1.10304
0.61046
0.734916
1.1101
1.10008
1.09616
1.12631
0.475847
1.22248
1.06263
0.0547614
0.962117
0.997734
0.166879
1.08591
1.13538
1.33441
0.0574555
0.782684
0.108545
0.0878812
1.77815
2.35839
1.12345
0.054235
1.05156
0.0757006
0.0655592
1.43747
0.0621372
0.119655
1.094
0.146888
1.09444
0.0578467
0.367729
0.596046
0.060026
0.0805882
0.188358
0.0596321
0.332014
1.06967
0.0874327
0.532276
0.0561114
0.120259
1.1083
0.107883
0.0697397
0.059515
1.0342
0.790219
0.0621352
0.117577
1.01463
0.0657306
1.08956
0.0595144
0.131038
0.0748061
0.0541194
0.107871
1.09597
1.11334
0.0759495
0.891269
0.0549484
0.221205
0.0706896
0.097891
0.486352
0.0816254
0.43116
0.215263
1.09637
0.0541194
0.215285
0.281312
0.0805848
0.0745439
1.12568
0.0802641
0.054759
0.147689
0.933492
0.0539516
0.054139
0.778196
0.107856
0.0558241
1.01557
0.166373
0.0759478
0.246554
0.120229
0.962097
0.320495
0.095941
1.08237
1.03748
1.07747
0.660115
0.720427
0.244938
0.0756729
0.074533
0.107843
1.01446
0.0542105
0.0655438
1.0921
1.0692
1.08953
0.0978752
0.0655459
0.251897
0.0978793
0.0622784
1.05136
0.166399
0.19464
0.246612
0.0819419
0.0978851
1.09398
1.10321
0.673272
0.0547592
0.0542106
1.08552
1.06054
1.17237
0.134142
0.117524
0.0759435
1.04924
1.05996
1.06043
0.531598
1.08159
0.146709
0.280818
0.0627601
0.151304
0.0595076
0.608048
0.0600184
0.608128
0.0629153
0.0542104
0.0954788
0.0600189
0.166264
1.22174
1.11361
0.146779
0.0805628
0.0874048
0.32949
0.0542347
0.0663276
0.281026
0.0805617
0.0655416
0.0663264
0.0561805
0.150487
0.289034
0.194565
0.0756713
0.0547588
0.0541193
0.0542105
0.0665178
0.0978704
1.11517
1.06917
1.04919
0.0547585
0.672675
0.0819245
0.0805592
0.0877733
0.22247
0.595222
1.10968
0.0542346
0.0663228
0.120179
0.0747841
0.0893959
0.0805535
0.214983
0.0756592
1.12784
1.20109
0.0558217
0.322148
0.0819003
0.054758
0.0756476
0.0561788
0.0541387
0.146659
0.0704379
0.0541191
0.0629106
0.89045
0.0542345
0.107778
0.0600169
0.0578405
0.1706
1.11755
0.0542104
0.0959133
0.0819137
0.0578414
0.79207
0.0627623
0.547356
0.0600196
0.066513
0.0574457
1.08138
0.0657189
0.968481
0.06572
0.0622728
0.116872
0.924958
0.0805488
0.0574447
0.719727
0.147552
0.656168
0.0663182
0.0539516
0.0578405
0.0622694
0.0561791
0.147537
0.0697128
0.095456
0.966721
0.377058
1.09959
1.11367
0.607985
0.0663208
0.594912
0.120158
0.427742
0.166243
0.0539516
0.331432
0.0578414
0.0600185
0.0622716
0.0759309
0.0704462
0.777485
0.0578413
0.0959119
0.194442
0.0756577
0.0574449
0.0706726
0.070673
0.288885
0.0745206
0.0622723
0.106059
0.0695005
0.0663219
0.594985
0.0549475
0.0541192
0.0541388
0.924868
0.0889983
0.0561794
1.06243
0.419172
0.0706713
0.0541388
1.08964
0.189304
1.0996
0.0547582
0.0802328
0.0629131
0.0627602
0.732349
0.0549475
0.0578414
0.0558224
0.120169
0.220974
0.0629153
0.659477
0.097839
0.0561095
0.146721
1.06038
0.0542104
0.146699
0.0539516
0.0549474
0.0541388
0.0629131
1.07614
0.188047
0.097365
0.473288
0.0665056
0.0542103
0.22088
0.105513
0.0578403
0.066318
0.922805
0.376994
0.0558871
0.130884
0.0558217
0.0889893
0.0745101
0.789035
0.59474
0.120139
0.732184
1.11544
0.0665097
0.107798
0.120172
0.0547584
0.097841
0.060019
0.253358
0.833558
0.0578418
0.0890082
0.0549476
0.0655385
0.0627623
0.0539516
0.0706747
0.0697206
1.10453
0.608088
0.0954752
0.0600185
1.01422
0.147559
0.147552
0.0539516
0.097828
0.0574443
0.244672
0.0549473
1.06033
0.055887
0.0558218
0.0622684
0.0889892
0.146667
0.0819025
0.0697118
0.543974
0.0889921
0.08938
0.0877517
0.0558219
0.117453
0.473256
0.0558217
0.376977
0.0958958
0.0558217
0.0697114
0.0539516
1.09165
0.0697086
0.146636
0.883026
0.0954359
1.14311
0.133978
0.0664982
0.0577432
0.0601362
0.0663106
0.0958689
0.0547162
0.0549006
0.0595029
0.0655258
0.88281
0.0542343
0.065705
0.415926
0.0977776
0.832594
0.220654
0.288426
0.731563
0.0549467
0.0706553
0.0663098
1.13823
0.0596211
0.0893611
0.0877335
0.0561782
0.0622653
0.0574423
0.0818913
0.0558863
0.0601373
0.0622654
0.0873593
0.134002
0.166128
0.0539516
0.0561078
0.054119
0.0600139
0.0578387
0.0889745
0.0601374
0.131575
0.0893608
0.214776
0.246089
0.376758
0.0578387
0.087359
0.0547577
0.106002
0.0573525
0.0627541
0.054119
0.0697042
0.117406
0.187919
1.09163
0.107726
0.21469
0.0629047
0.0578375
0.0629049
0.0958594
0.194223
0.10773
0.0663093
0.0621169
0.107732
0.594202
0.0805177
0.0873462
0.0539516
0.060012
0.0547574
0.0629048
0.0696999
0.0539516
0.0706532
0.220687
0.0558205
0.166079
0.0958583
0.120074
0.0549005
0.0539516
0.059502
0.0549466
0.0744935
0.0542101
0.0561774
0.0539516
0.220682
0.0756337
0.0756344
0.48497
0.151198
0.170497
0.0542344
0.0547577
0.0541386
0.0954325
0.0627541
0.485078
0.0745011
0.0539516
0.0655277
0.0818902
0.0958746
0.0600138
0.280555
0.054119
0.0542102
0.0549468
0.151205
0.0747628
0.0744993
0.0539516
0.0622643
0.0697034
0.220735
0.0655269
0.0629069
0.074499
0.0973366
0.214746
0.18792
0.0600129
0.0549467
0.107738
0.0539516
0.0601364
0.055886
0.0574418
0.0655263
0.0805217
0.0539516
0.117399
0.0539516
0.146584
0.251344
0.0818846
0.054119
0.0629061
0.0558859
0.0547576
0.151192
0.120094
0.0663112
0.151208
0.150328
0.134007
0.0893636
0.0697072
0.0663135
0.0574426
0.0578391
0.0578391
0.0578392
0.060138
0.0973502
0.0541191
0.134024
0.0547579
0.0818984
0.0574431
0.0889841
0.0873696
0.322099
0.0978075
0.070663
1.76491
0.890688
0.0549476
0.0578416
0.0549476
0.732498
0.130934
1.09642
0.170685
0.485853
0.367181
0.05611
0.430655
0.0542105
0.189368
0.0629176
0.105554
0.0978553
0.0600206
0.0697244
0.0601438
1.14039
0.0622728
0.117488
1.17595
0.14755
0.485495
0.057841
1.08134
0.0697137
1.10613
0.0627575
0.0539516
0.194365
0.105507
0.088988
0.0697117
0.14666
0.0558868
0.0873701
0.0657117
0.0629099
0.134788
0.147511
0.0558867
0.194347
0.0600158
0.0655316
0.416289
0.366699
0.0600149
0.0818964
0.150357
0.097811
0.0539516
0.0541191
0.130868
0.0558867
0.0756454
0.06291
1.04835
0.0574427
0.10549
0.0542102
0.319935
0.0629081
0.134009
0.107755
0.062909
0.151239
0.0596221
0.170545
0.29057
0.0574433
0.77986
0.0561785
0.117432
0.0873652
0.427426
1.01401
0.0958798
0.0706603
0.0541387
0.0621194
0.0547578
1.13258
0.0744974
0.0541386
0.0622635
0.187905
0.0697009
0.0622627
1.13765
0.59395
0.130776
0.472529
0.08733
0.0561063
1.01366
0.10769
0.484557
1.07569
1.10116
0.147334
0.0696871
1.03329
0.0706378
0.0958137
0.0694668
0.0804882
0.0574377
0.831871
0.0628953
1.13288
0.89161
0.0804938
0.0539516
0.787856
1.08953
0.0558846
0.530242
0.133899
0.0578353
0.0600087
0.0804994
0.07448
1.09159
0.194063
0.060008
0.415503
0.10541
0.718208
0.0873105
0.0596137
1.09583
0.062253
0.0958012
0.0628946
0.0600055
0.151019
1.05997
0.54556
0.965799
0.288066
0.0889226
0.0542341
0.0873105
0.0662964
0.0541384
1.60341
1.2745
0.0759007
0.427047
0.189044
0.0549464
0.0977736
0.146558
0.0549004
0.057837
0.171481
0.0577424
0.0818791
0.415898
0.0542101
0.0549465
0.530583
1.10447
0.0541385
0.593825
0.165998
0.429495
0.0747467
0.0558196
0.321644
1.10151
0.0629017
0.151126
0.0622598
0.15113
0.189009
0.0818712
0.0629024
0.658279
0.0873319
0.105435
0.0578359
0.117352
0.0629008
0.105431
0.105951
1.03253
1.1132
0.105407
0.252705
0.0549459
0.150179
0.0953811
0.0561057
0.0549459
0.214489
0.0628976
0.0600074
0.245748
0.715204
0.0577393
0.33055
0.0594971
0.842745
1.14078
0.131475
0.42942
0.0889391
0.891845
1.56527
0.321847
0.0756311
0.060135
0.0549466
0.107726
1.89786
0.0574429
0.166152
0.117424
0.0663133
0.0541191
0.0574426
1.08946
0.220828
0.0889854
1.20683
0.0539516
0.924801
0.0621228
0.0561088
0.59474
0.418949
0.0694926
0.0561084
0.280677
0.0622671
0.0547579
0.0578395
0.059505
0.134026
0.0889843
0.0706643
0.0873708
0.0596225
0.244572
0.0663148
0.719331
0.214797
0.0542344
0.0958787
0.0747644
0.0549469
0.0745011
0.0805258
1.0773
0.731895
1.05105
0.0601389
0.0663162
0.0655318
0.0627575
0.0558216
0.0655317
0.0657122
0.0665041
0.659012
0.288654
0.0805346
0.0561786
0.0805339
0.0745058
0.054947
0.0541387
0.0558214
0.11743
0.36666
0.0629084
0.24612
0.0655282
0.0539516
0.0756403
0.0805273
0.5309
1.31662
1.10783
0.245913
0.655179
0.366205
0.0704189
0.134674
0.0704201
0.0542342
0.0561065
0.105436
0.0629013
0.288301
0.0541189
0.0547572
0.117359
0.0756238
0.133931
0.0539516
0.0558199
0.0539516
0.0595002
0.0622595
0.0877046
0.0547158
0.0577413
0.151121
0.0539516
0.220601
0.0977669
0.0542101
0.0954072
0.0973116
0.0706496
0.0595008
0.120059
0.0622609
0.0541385
0.0574404
0.171468
0.0574406
0.0541385
0.0629034
0.0629036
0.0818771
0.0558854
0.0547574
0.607169
0.0818803
0.170458
0.655487
0.170452
0.151176
0.0805187
0.0558857
0.0549466
1.19319
1.1306
0.0978077
0.322086
0.117427
0.0818946
0.062909
0.0958828
0.130851
0.0706605
0.418771
0.280573
0.0759119
0.48511
0.189142
0.0600141
0.187951
0.246082
1.09588
1.14601
0.11676
0.0629032
0.418415
0.0706493
0.0696961
0.0655209
0.105443
0.055885
0.319607
0.0596168
0.0561766
0.0696932
0.0622588
0.165998
0.0958333
0.054757
0.214547
0.0578353
0.054946
0.0696901
0.070643
0.0558845
0.0601317
0.0574391
0.0539516
0.05421
0.0594987
0.054946
0.0600087
0.0539516
0.0804992
0.0539516
0.095388
0.21452
0.0622564
0.0622562
0.0656955
0.0893156
0.0696876
0.0744765
0.0541384
0.0804928
0.0893134
0.0596146
0.0561758
0.0561056
0.0594976
1.17964
0.0541384
0.0873047
0.147284
0.0664819
0.0600056
0.0578335
0.0873033
0.0541383
0.214399
0.170256
0.066482
1.03319
0.250944
0.108189
0.0542099
0.0756065
0.0953636
0.0549456
0.056105
0.0662943
0.36585
0.0655099
0.330435
0.0622529
0.147278
0.130681
0.0574368
0.130675
1.05065
0.0594954
0.150126
0.0628948
0.0818462
0.0578335
0.151026
1.10807
1.94773
0.288314
0.0818721
0.0758991
1.10811
0.290327
0.0549005
0.0573517
0.0756326
0.0547575
0.194231
0.0657055
0.054119
0.0549466
0.0657053
0.0664969
0.0574413
0.0541386
0.105463
0.0578375
0.0558205
1.16916
0.0663114
0.0706583
0.0818905
0.932562
0.107756
0.117427
0.0542344
0.0873628
0.0574425
0.150339
0.0697072
0.25311
0.0578393
0.0805312
0.0873637
0.0574426
0.0756422
0.0601378
0.107757
0.0889809
0.0629096
0.0542345
0.0561083
0.0873677
0.0547579
0.0697086
0.166151
1.15823
0.246055
1.08944
0.133999
0.0547164
0.0596209
0.485108
0.194308
0.0600147
0.0558213
0.0596216
1.14877
1.11325
0.0629051
0.108271
0.0541386
0.0558206
0.167094
0.0818817
0.0818827
0.0539516
0.0595024
0.288475
0.0561075
0.0664982
0.193039
0.319845
0.0561075
0.19426
0.0958693
0.0539516
0.0539516
0.0595029
0.0539516
0.594233
0.0805188
0.0558857
0.880507
0.0889582
0.057441
0.0578374
0.146568
0.0539516
0.0696985
0.0547574
1.12326
0.776329
0.0663032
0.0629016
0.0558849
0.843121
0.10825
0.189015
0.0629024
0.0877077
0.0549463
0.0595003
0.117361
0.08187
0.924046
0.187794
0.288265
0.280289
0.05421
0.288266
0.0541189
0.15023
0.0549462
0.220592
0.0542342
0.120052
0.0561067
0.220622
0.0818754
0.0558201
0.0756288
0.484807
0.0539516
0.932334
0.0629053
0.107731
0.47282
0.0578376
0.0539516
0.543489
0.0655254
0.0629058
0.0542102
0.116782
0.0549466
0.0561074
0.105466
0.0578377
0.543508
0.0663101
0.0547162
0.0542102
0.0549467
0.0574417
0.170485
1.13557
0.0629087
0.166143
0.134011
0.0706612
0.0595045
0.0542102
0.0558213
0.0600147
0.0818954
0.0889806
0.187987
0.0877368
0.062266
0.0601377
0.069707
0.0745026
0.0574424
0.961349
0.0759113
0.0629074
0.0578386
0.134003
0.147476
0.0549468
0.0745006
0.0805252
0.0595034
0.0577435
0.0539516
0.0601367
0.105478
0.0704311
0.0621182
0.0577435
0.0542344
0.0697041
1.09389
0.117394
0.0601354
0.366443
0.832599
0.0574407
0.056107
0.0549465
0.0601345
0.0549465
0.28041
0.0747525
0.0744892
0.0958474
0.105444
0.426968
0.0578367
1.03694
1.03698
0.376639
0.0558858
0.671686
1.20674
0.0600148
0.0539516
0.0574427
0.060138
0.0542103
0.13402
0.170546
0.28867
0.0819012
0.968242
0.0541387
0.253227
0.0541387
0.0819073
0.0978268
0.134067
0.220934
0.0697169
0.0819121
0.130911
0.0629135
0.0747788
0.0655355
0.166225
1.01414
0.214877
0.0877467
0.105505
0.0697106
0.430169
0.427566
0.0574437
0.0578403
0.0549473
0.0547581
0.0819051
0.0539516
0.0549473
0.0745116
0.0600167
0.0889929
0.0541191
0.0547581
1.08561
0.0665051
0.117445
0.130874
0.0747701
0.0629101
0.0558215
0.0629102
0.0561084
0.0873701
0.418869
0.0574429
0.0655299
0.054947
0.0745043
0.0547578
0.0558865
0.0542344
0.147486
0.117419
0.0706596
0.0655284
0.0549469
0.0600142
0.166131
0.151216
0.134008
0.130848
0.07066
0.15034
0.0539516
0.0578391
0.244531
0.0622656
0.251448
1.07062
0.546878
0.0663163
0.777111
0.166164
0.087739
0.070662
0.366681
0.0745033
0.0697067
0.080528
0.146617
0.0539516
0.0542102
0.0745003
0.0547577
1.08883
0.718988
0.0600124
0.0578377
0.0818833
0.0595025
0.0877217
0.0622627
0.0694825
0.107727
0.0657051
0.146575
0.0539516
0.0558856
0.066496
0.170455
1.06895
0.0541386
0.0547574
0.054119
0.0877145
0.244351
0.0574404
0.21463
0.0539516
0.0663049
0.0706493
0.92411
0.0706479
0.0622598
0.0629021
0.107707
0.0622601
0.0542343
0.0873351
0.5334
0.0958383
0.187794
1.05083
0.0547572
0.0706471
0.0539516
0.0958406
0.0539516
0.0744848
0.0756229
0.0541189
0.0539516
0.0547571
0.0656997
0.0541189
0.0542101
0.0549462
0.0622588
0.0744838
0.0977568
0.0756228
0.0542342
0.0600099
0.0547571
0.0547571
0.0561064
0.0594999
0.0696933
0.0561766
0.543155
0.0706479
0.533407
0.0744849
0.057836
0.0547571
0.057836
0.0594998
0.107699
0.0541385
0.060133
0.0539516
0.0549463
0.069694
1.03341
2.46779
0.0756053
0.0628948
0.0574372
1.2007
0.0696763
1.06201
0.0662919
0.931614
1.11169
0.0977281
1.1117
0.0958182
0.965946
0.0804948
0.0628983
0.16595
0.170324
0.0977424
0.0696882
0.959177
0.133879
0.0662985
0.0547568
0.0758871
0.0574385
0.0578348
0.097287
0.891714
0.170356
0.0594989
0.0889382
0.0889396
0.0744824
0.0558846
0.0574393
0.0561763
1.08551
0.244188
0.0972874
0.0694705
0.657911
0.280146
0.105404
0.0628968
0.328421
0.0547568
0.0558189
0.245734
0.0696847
0.0561755
0.133869
1.09774
0.188853
0.0547566
0.187661
0.10765
0.0662945
0.0621071
0.0542099
0.0744688
0.0558835
0.0547565
0.116678
0.075605
0.0706334
0.188831
0.147271
0.0547565
0.059495
0.117283
0.0541188
0.0622513
0.0578327
0.0539516
0.417731
0.0664788
0.0876644
0.054234
0.0655071
0.0539516
0.0804738
0.0574361
0.0558828
0.0549453
0.0977038
0.0558178
0.0662902
0.0561044
0.0621044
0.0561044
0.606135
0.193945
0.170241
0.062252
0.0628939
0.0977167
0.0972638
0.376017
0.0758798
0.288052
1.07042
0.0706387
0.0547568
0.0756131
0.0578346
1.01799
0.252764
0.133902
0.0574391
0.472357
0.0958248
0.0818594
0.0744785
0.418101
0.0547568
0.057349
0.0656949
0.0622555
0.170317
0.0873155
0.0574383
0.0628976
0.0547568
0.13072
0.0958147
0.0549458
0.0547567
0.0601299
0.0539516
0.105925
0.319342
0.0547567
0.0561052
0.0561754
0.0706365
0.057834
0.0656931
0.0541188
0.0756101
0.0594967
0.105921
0.0601293
0.0574377
0.0600063
0.0561754
0.0541384
0.107662
0.108205
0.0656937
0.0547567
0.0547567
0.0758834
0.059614
0.365945
0.151039
0.0594968
0.41795
0.0578338
0.0744708
1.03322
0.0547565
0.0549455
0.417826
0.146411
0.0815181
0.054234
0.0578329
0.0889109
1.05067
0.0744692
0.0574373
0.0558184
0.0656907
0.0873009
0.0662934
0.842536
1.09633
0.0549457
0.095812
0.0594967
0.117307
0.0574376
0.529902
0.0547566
0.065691
0.0541188
0.170265
0.0594959
0.0548995
0.0547153
0.062253
0.0596127
0.11998
0.0558184
1.13247
0.117279
0.252551
0.0578328
0.0957935
0.0542099
0.171279
0.0547564
0.0596119
0.0957934
0.0578327
0.220348
0.842477
0.0578333
0.280025
1.40655
1.10949
0.119991
0.426561
0.0873111
0.0539516
0.0622545
0.107664
0.0758839
0.05421
0.0578343
0.418003
0.0801767
0.117307
0.0547566
0.0541188
0.105916
0.0541188
0.0539516
0.0542099
0.0622533
0.151025
0.0547566
0.0549456
0.0558185
0.0696824
0.214415
0.0541383
0.0558184
0.0549456
0.0547565
0.0889149
0.0549456
0.0696815
0.415252
0.131408
0.11667
1.08113
0.0541383
1.32588
0.0578335
0.0756075
0.0696822
0.0549456
0.0706349
0.0549456
0.107657
0.288071
0.0541188
0.0804885
0.220437
0.0561756
0.105925
1.05134
0.0628977
0.0627451
0.0655146
0.105409
0.0977367
0.0574383
0.0549458
0.0972833
0.0561759
0.0662987
0.0818581
0.0818591
0.426737
0.0655167
0.0696894
0.0601314
0.056106
0.054946
0.057439
0.054946
0.0541189
0.147345
0.15108
0.056106
0.0539516
0.0539516
0.095827
0.133898
0.288219
0.0594989
0.0977517
0.151102
0.133918
0.0549462
0.280291
0.0547571
0.0973
0.0549462
0.0801913
0.188965
0.0549461
0.0629003
0.05421
0.0622581
0.116729
0.0561061
0.12003
0.0696912
0.0558194
0.0663014
0.147359
0.107688
0.134665
0.0663021
0.0818667
0.0600096
0.0818681
0.0541189
0.0958385
0.0706461
0.0558849
0.0561766
0.0622589
0.170386
0.0578362
0.0805058
0.0889452
0.166012
0.0706465
0.097761
0.0622594
0.321684
0.108239
0.0663034
0.366226
0.0574396
0.0873282
0.0541385
0.0594992
0.0549461
0.0876986
0.0818645
0.0542342
0.05421
0.0805016
0.0541189
0.0558846
0.0629001
0.0539516
0.0574393
0.0664896
0.05421
0.105427
0.054757
0.0542342
0.0756197
0.0549461
0.117344
0.0601319
0.0756198
0.280252
0.147351
0.0558193
0.0539516
0.131466
0.244181
0.0574385
0.0818572
0.0596149
0.187728
0.0747377
0.0547568
0.0873129
0.105403
0.0547567
0.0578341
0.0539516
0.0977329
0.321457
0.0818517
0.105401
0.0876807
1.07562
0.0539516
0.0541383
0.220396
0.330493
0.0600063
1.09209
1.21633
0.0600089
0.0873249
0.543033
0.0629006
0.0696919
0.117346
0.0801884
0.0972955
0.0539516
0.134665
0.0622582
0.220555
0.0542101
0.280281
0.0549461
0.0541189
0.0596162
0.105427
0.107689
0.0655176
0.151099
0.133915
0.0547571
0.0977572
0.0596167
0.0549462
0.057836
0.0629013
0.0744846
0.0549462
0.0541385
0.0547571
0.0542342
0.0539516
0.057836
0.057836
0.0704203
0.062113
0.131493
0.0801915
0.069692
0.070645
0.0547571
0.0574395
0.0578357
0.05421
0.0542342
0.057741
0.0594994
0.0558196
1.12773
0.117331
0.0889315
0.0664876
0.0596153
0.054946
0.0547569
0.0547569
0.120018
0.0547569
1.0772
0.731133
0.0818676
0.0539516
0.150232
1.09636
0.251266
0.13079
0.0818754
0.120064
0.0629039
0.150274
0.0893452
0.0973249
0.0561775
0.328843
0.0558206
0.0542102
0.054119
0.0547575
0.065525
0.147437
1.09162
0.0601345
0.990159
0.0744886
0.0547573
0.418368
0.0549463
0.880262
0.0600097
0.593783
0.0594992
0.0541385
0.0594991
0.0596161
0.0655174
0.0549461
0.0818638
0.0756204
0.0655179
0.192897
0.089328
0.0539516
0.0574396
0.0539516
0.0558848
0.0541189
0.107696
0.0629013
0.0600098
0.0873312
0.0622588
0.146515
0.105952
0.0694734
0.0577407
0.0573499
0.0972969
0.0561764
0.05421
0.120035
0.0622585
0.0539516
0.0547571
0.0706453
0.105431
0.119398
0.0558196
0.133919
0.0558197
0.0558848
0.0696926
0.0547571
0.0541189
0.0549462
0.252834
0.0561064
0.0539516
0.107701
0.0629019
0.0541189
0.0561066
0.0549463
0.0595002
0.0549463
0.0657006
0.0595
0.0547572
0.0977617
0.220601
0.166026
0.0627492
0.0542342
1.03343
0.0539516
0.0547571
0.0873293
0.120038
0.0656995
0.146514
0.0541385
0.117346
0.0621116
0.0600089
0.060009
0.0539516
0.0664898
0.0561062
0.0539516
0.0561764
0.0539516
0.0561063
0.0818665
0.0578359
0.192916
0.0655194
0.0578361
0.0574398
0.188982
0.0621123
0.0561063
0.0549462
0.0706457
0.220575
0.0539516
0.0547572
0.117356
0.0629012
0.057836
0.0600099
0.062113
0.0539516
0.0541385
0.105435
0.147371
0.92395
0.280227
0.0744788
0.0873192
0.0804949
0.0596148
0.0539516
0.670987
0.0622566
1.08216
0.0594988
0.0541385
0.0578354
0.0756193
0.0694731
0.170362
0.107692
0.0547571
0.0542342
0.0622583
0.0696916
0.081865
0.105951
0.059499
0.0541189
0.0958305
0.0876953
0.545993
0.060009
0.0893255
0.0704188
0.089328
0.245861
0.107694
0.731195
0.0578362
0.0664921
0.0696944
0.37644
0.0596175
0.0629023
0.288346
0.0558201
0.0541385
0.71573
0.282176
0.0547571
0.0539516
0.244275
0.0889428
0.0601328
0.0815454
0.0622592
0.0594998
0.0539516
0.0539516
0.0629014
0.0547571
0.0542101
0.080193
0.0696929
0.0547571
0.0596165
0.0542342
0.0547571
0.074483
0.05421
0.472419
0.0574391
0.0541189
0.0656974
0.0542342
0.056106
0.18776
0.0600083
0.105419
0.0662998
0.0574388
0.054946
0.0541189
0.05421
0.0804967
0.0873189
0.0542341
0.0696877
0.105412
0.0577398
0.116708
0.0977377
0.065695
0.0622555
0.0744749
0.0622551
0.0628972
0.05421
0.0547568
0.0893119
0.0541384
0.0561758
0.220475
0.0578347
0.0558842
0.0539516
0.0758874
0.059615
0.0622561
0.055819
0.05421
0.055819
0.0696869
0.055819
0.0549458
0.0704134
0.194062
0.220499
0.0558192
0.0539516
0.0873197
0.0574387
0.321526
0.0547568
0.60663
0.0542342
0.0577401
0.0893186
0.0561059
0.054946
0.105419
0.054946
0.0628989
0.107683
0.170353
0.0574391
0.0541189
0.842968
0.484572
0.057836
0.0656998
0.0664912
0.0627486
0.0547571
0.0594999
0.0539516
0.0541189
0.220584
0.170401
0.220613
0.472599
0.105441
0.0547572
0.069694
0.0547571
0.070647
0.0561065
0.0561767
0.0663041
0.0539516
0.0663043
0.0539516
0.0547572
0.0578364
0.718645
0.0578361
0.130767
0.0541189
0.166002
0.0747455
0.0561764
0.0656986
0.0561764
0.0706448
0.0561063
0.05421
0.0539516
0.0601325
0.990009
0.0889384
0.059499
0.0873249
0.0549461
0.321594
0.0594984
0.188929
0.151076
0.0539516
0.10594
0.0977442
0.0893199
0.119387
0.0541189
0.0578354
0.17036
0.0744818
0.0574392
0.0578355
0.0704177
0.059499
0.0558194
0.0756198
0.165985
0.0541385
0.0542342
0.0622575
0.054946
0.0596157
0.054946
0.0558193
0.0744799
0.062257
0.0547569
0.0596153
0.0541189
0.0622566
0.0744778
0.0541384
0.0541189
0.0815351
0.0558191
0.0547569
0.0696879
0.170332
0.0594981
0.05421
0.0541189
0.097744
0.0662999
0.0558193
0.0558844
0.0539516
0.0574388
0.0696885
0.056176
0.0818597
0.0596153
0.057835
1.09211
0.05421
0.967647
0.105956
0.0664907
0.0756226
0.245869
0.108237
0.0558848
0.0706461
0.0549462
1.08628
0.28835
0.0596179
0.0818745
0.0578368
0.0744897
0.117371
0.0547573
0.0655209
0.0578365
0.0706491
0.668376
0.0629036
0.0889558
0.0549465
0.0706521
0.0706526
0.0539516
0.0600119
0.054119
0.133966
0.0958597
0.147427
0.0706525
0.0873445
0.0547574
0.0539516
0.214663
1.06015
0.0574402
0.0805083
0.319614
0.0622592
0.245872
0.0706456
0.0977583
0.0706467
0.0696937
0.0558197
0.0815452
0.0706471
0.0542342
0.0539516
0.0549463
0.0696942
0.288313
0.0539516
0.0600104
0.0541189
0.0547572
0.0805078
0.0629021
0.0578364
0.0622599
0.0539516
0.0889484
0.0578365
0.0744876
0.107707
0.0547572
0.0629027
0.0818739
0.0574404
0.0561068
0.0539516
0.0873378
0.376497
0.054119
1.11903
0.0657001
1.03689
0.0696953
0.0664927
0.0805084
0.133936
0.0578366
0.0706494
0.0539516
0.08051
0.0541189
0.0542101
0.0977679
0.0539516
0.0541385
0.0744887
0.0578366
0.147398
0.0542343
0.0663048
0.0578366
0.05582
0.0657015
0.0655206
0.0958433
0.0561768
0.0578363
0.0958425
0.0539516
0.0547572
0.0578362
0.066304
0.0805069
0.214594
0.330788
0.0561065
0.0541189
0.0574399
0.0578362
0.0663041
0.0595002
0.167027
0.0655193
0.0574397
0.0706463
0.0561064
0.0629015
0.134684
0.0596173
0.0601332
0.0747489
0.0893328
0.0657008
0.0542342
0.062902
0.0561066
0.0873341
0.0539516
0.0889473
0.607021
0.0818745
0.066306
0.059501
0.0622608
0.0558853
0.0558201
0.0889521
0.0549464
0.0549464
0.0578369
0.0706509
0.328766
0.0621155
0.0561071
0.0595016
0.0622616
0.130794
0.062261
0.0547573
0.0542101
0.0542343
0.0578369
0.0541385
0.776445
0.932218
0.0542101
0.0977731
0.0657032
0.0655223
0.10545
0.0547573
0.105447
0.0547573
0.0541385
0.0561769
0.0541385
0.080509
0.0541189
0.0600105
0.0547572
0.280344
0.120048
0.0578364
0.0696951
0.0622597
0.0539516
0.0542342
0.0596172
0.133932
0.0706485
0.0706489
0.330866
0.0657024
0.166038
0.21462
0.214605
0.16601
0.0558848
0.0977583
0.245872
1.12761
0.117333
0.0696881
1.10151
0.0804994
0.07448
0.0600085
0.187757
0.0804964
0.0539516
0.0696881
0.0958214
0.0574385
0.14647
0.0873136
0.117316
0.0622547
0.0558839
1.04799
0.879755
0.0574371
0.0542099
0.0621064
0.657528
0.0547564
0.130672
0.065508
0.0578326
0.0547564
0.105895
0.0561746
0.0656878
0.0872914
0.0578323
1.0331
0.471716
0.0696728
0.0628904
0.0622486
0.0594929
0.130632
0.0656838
0.105349
0.365502
0.0594917
0.0578307
1.03298
1.16135
2.07076
0.958117
1.06852
1.13286
0.0599961
0.0578275
0.0628808
0.994588
0.0622404
0.0971895
0.214036
0.605168
0.428239
1.09618
0.0541186
0.133717
0.0599988
0.0594894
0.0549445
0.0622431
0.0549445
0.0547556
0.0744418
0.0574331
0.10757
0.0696613
0.0622427
0.0744408
0.0547555
0.0547555
0.0976557
0.0976577
0.0814867
0.150863
0.0654972
0.0547556
0.0539516
0.0578293
0.0628851
0.0574334
0.0747052
0.0664677
0.0541381
1.09628
1.16889
0.287747
0.0872763
0.414837
0.055882
0.0542339
0.0542097
0.0549449
0.0594915
0.119279
0.0664727
0.0596086
0.0655016
0.055817
0.0577359
0.0539516
0.0541187
0.0600012
0.171185
0.087647
0.0539516
0.0976841
0.0539516
0.062889
0.0696699
0.0539516
0.062247
0.0601243
0.0656824
0.0561737
0.0539516
0.0541382
0.0558171
0.0818239
0.054756
0.0747148
0.0549449
0.0542339
0.0656821
0.055817
0.0976829
0.0600015
0.0600016
0.0892734
0.0755915
0.0818272
0.328058
0.0706251
0.95871
0.592748
0.0558171
0.0542098
0.0558171
0.105864
0.0601242
0.365463
0.105858
0.0539516
0.0541186
1.03295
1.09139
0.417192
0.0574332
0.0957414
0.0547556
0.0539516
0.116579
0.0656753
0.214077
0.150836
0.107565
0.729618
0.0594892
0.059606
0.252244
0.059999
0.0696622
0.0654966
0.0539516
0.0539516
0.0628847
0.0755796
0.0574333
0.0694447
0.0547556
0.0549445
0.0662797
0.0558813
0.116586
0.0957409
0.057433
0.0755775
0.0654959
0.0957387
0.116576
0.0814826
0.062242
0.0594885
0.0662777
0.0952971
0.0804427
0.0596049
0.0952929
0.0549443
0.0541381
0.0744364
0.0539516
0.192469
0.0654937
0.414412
0.0542096
0.0662756
0.108093
1.09805
0.483269
0.0574331
0.214099
0.133711
0.0888664
0.729682
0.075581
0.056173
0.0596067
0.187438
0.0542097
0.0758522
0.0662805
0.0594898
0.0541381
0.0872596
0.220105
0.0872606
0.0574334
0.0542097
0.0542338
0.0972096
0.0654976
0.0547557
0.0542338
0.13373
0.0628858
0.0561029
0.0541186
0.056103
0.0549447
0.0542338
0.059607
0.318809
0.215508
0.41457
0.0558812
0.13056
0.214081
0.0549444
0.150838
0.0541381
0.062242
0.0561725
0.0706115
0.0622421
0.0549444
0.0549444
0.0599981
0.989153
0.0706101
0.0561724
0.0539516
0.0558809
0.0872496
0.0558809
0.105298
0.0542337
0.0628824
0.375285
0.0541381
0.0578285
0.0957341
0.170037
0.0976531
0.220067
0.0628843
0.48332
0.0549446
0.0594896
0.0622433
0.0549445
0.0561027
0.0549446
0.0654969
0.105314
0.0547556
0.0818092
0.0656767
0.0541186
0.0755788
0.0574332
0.130566
0.0596058
0.0573437
0.0814849
0.0601213
0.0876268
0.0561726
0.327768
0.0558162
0.0541186
0.0561027
0.214111
0.0654958
0.170058
0.0706134
0.070388
0.062885
0.0558163
0.0628851
0.117203
0.0628848
0.0976625
0.0542097
0.147137
0.0620973
0.0542096
0.0696616
0.0541186
0.0578291
0.0539516
0.365229
0.0549445
0.18858
0.0547555
0.0542096
0.0744391
0.0654945
0.0578285
0.0539516
0.0628832
1.06135
0.931007
0.0599992
0.878967
0.075579
0.0664676
0.147132
0.0804475
0.059489
0.0976577
0.0547556
0.0972052
0.0601217
0.0706142
0.0599991
0.0561729
1.10802
0.10813
0.0549448
0.0972219
0.16575
0.0818187
0.0600006
0.0549448
0.11991
0.0542339
0.0888838
0.0706209
0.105341
0.0814996
0.0801494
0.0600011
0.0541382
0.0541187
0.0539516
0.0549449
0.18868
0.0628879
0.545029
0.287755
0.065683
1.12752
1.1254
0.0549446
0.0539516
0.0539516
0.0558164
0.0542097
0.0601222
0.0662811
0.0539516
0.0957494
0.0541186
0.105319
0.0662804
0.0662806
0.0892575
0.0542097
0.193773
0.0549447
0.0706173
0.483497
0.0600006
0.0622457
0.0818195
0.0547559
0.0976781
0.245402
0.544975
0.0547559
0.0561034
0.0662845
0.375632
0.0573456
0.328007
0.670185
0.0547561
0.542221
0.252478
0.279883
0.0703999
0.0601259
0.0628913
0.0600032
0.529544
0.0747198
0.0758669
0.365592
0.131359
0.054945
0.0801539
0.59273
1.0357
0.130627
0.147197
0.471536
0.0573453
0.055882
0.165758
0.279721
0.0549448
0.214177
0.0622448
0.0957519
0.0654983
0.0561029
0.0654981
0.0558815
0.0818134
0.0547557
0.107583
0.0541186
0.0744459
0.0972141
0.0594903
0.13374
0.0574339
0.0547558
0.0541186
0.0542097
0.0542338
0.0976711
0.105849
0.0561731
0.0539516
0.0706173
0.0972185
0.0539516
0.0547558
0.0574341
0.0573448
0.117217
0.541899
0.605663
0.0561735
0.0622461
0.0622459
0.130601
0.0662832
0.117223
1.08617
0.133765
0.0539516
0.42867
0.0539516
0.0747158
0.0801512
1.10982
0.0622483
0.0744559
0.0541382
0.0628898
0.0696716
0.0547561
0.0621018
0.0539516
0.054945
0.0539516
0.0622477
0.0542098
0.054945
0.0542339
0.0542098
0.105348
0.0818259
0.117243
0.0574349
0.095767
0.0872742
0.0804603
0.0549449
0.069668
0.0542339
0.0656811
0.0758593
0.0814988
0.0621004
0.0627355
0.0541187
0.0818225
0.0541382
0.0578307
0.0539516
0.0696689
0.0578307
0.0541187
0.0888857
0.0888871
0.414854
0.0578307
0.0574347
0.0558821
0.0542339
0.0558821
0.165762
0.0892677
0.055882
0.119914
0.287741
0.062889
0.105345
0.0596087
0.054756
1.11894
0.0654995
0.0547558
0.592473
0.0804521
0.105319
0.0558163
0.0622435
0.0596063
0.0601217
0.0755802
0.0574334
0.0594896
0.0818112
0.119252
0.0558164
0.220122
0.0541186
0.0542097
0.0574338
0.0561731
0.0747077
0.0744451
0.0539516
0.0957477
0.0957457
0.0574333
0.0558163
0.0539516
0.0558162
0.0627321
0.0541186
0.878915
0.327756
0.544735
0.0596065
0.107577
1.01851
1.05047
0.0744493
0.0541382
0.0549448
0.0578302
0.0574343
0.0594909
0.0578302
0.165744
0.070392
0.0542338
0.0574341
0.107591
0.0594909
0.0876392
0.116605
0.220147
0.0547558
0.0561032
0.150897
0.0542338
0.0574343
0.0574343
0.0558818
0.0549448
0.0578302
0.0662834
0.0573451
0.147168
0.471388
0.0547558
0.0549447
0.056103
0.0561731
0.080454
0.0539516
0.0599998
0.087264
0.0578297
0.330012
0.215548
0.0561731
0.0696646
0.0547557
0.069664
0.0578296
0.0601224
0.056103
0.0957507
0.116595
0.149989
0.0574337
0.0594899
0.0561029
0.0539516
0.0574336
0.0539516
1.01851
0.375528
0.28769
0.192602
0.0758609
0.0888862
0.214228
0.0655014
0.0542097
0.775058
0.0549448
0.0622456
0.0541382
0.0601233
0.0539516
0.0656803
0.414725
0.0596072
0.0541186
0.0744462
0.0662816
0.0549447
0.0654987
0.0558816
0.0872627
0.0662811
0.056173
0.922944
0.0818114
0.0596065
0.0744435
0.062885
0.0542097
0.0594896
0.0549446
0.0561028
0.0574334
0.0547556
0.108116
0.0542097
0.188612
0.0558163
0.0542096
0.0542338
0.0541381
0.0539516
0.0547556
0.130568
0.0561727
0.0706133
0.0696615
0.0706133
0.074704
0.0539516
0.107572
0.0558162
0.0594893
0.0541381
0.105311
0.0539516
0.252237
0.0814875
0.0892548
0.666755
0.0549447
0.0549447
0.0594902
0.107584
0.0547558
0.0558816
0.592439
0.0541186
0.0599993
0.0622439
1.06862
0.0818089
0.0547556
0.0594892
0.057829
0.0558812
0.119879
0.0578292
0.087258
0.0539516
0.0577345
0.0628848
0.0694447
0.245291
0.057433
0.0706125
0.0541381
0.0547556
0.0558161
0.057433
0.0539516
0.0622423
0.130557
0.0539516
0.0541381
0.0573435
0.320762
0.147097
0.0542337
0.220024
0.3753
0.0755759
0.0574328
0.0541186
0.0542096
0.0594886
0.0539516
0.0662778
0.0539516
0.0541186
0.958285
0.105818
0.0547554
0.0952899
0.0804384
0.0706077
0.0558807
0.930829
0.375294
0.119868
0.0574328
0.0888635
1.10313
0.119252
0.72979
0.890795
0.166754
0.0744478
0.0542338
0.188642
0.19378
0.0804547
0.0549447
0.0888767
0.0539516
0.0539516
0.0558167
0.0622449
0.0574339
0.0888764
0.0706178
0.287678
0.0549448
0.0706195
0.0578304
0.0747124
0.0542339
0.0976787
0.0542097
0.0888839
0.0628884
0.0542339
0.0600014
0.252399
0.0804634
0.0622471
0.054756
0.0628888
0.0662857
0.0539516
0.0542339
0.0755911
0.08889
0.0818277
0.0539516
0.0706242
0.0804666
0.056174
0.105873
0.0706235
0.056174
0.0976922
0.0541382
0.0622483
0.0558174
0.0558824
0.0542339
0.0574353
0.0561038
0.056174
0.0539516
0.0706242
0.0622483
0.0804662
0.0558824
0.0573459
0.10587
0.0696701
0.054945
0.146338
0.0600014
0.243836
0.0656815
0.0664721
0.0541382
0.0655012
0.0596082
0.220187
0.0694511
0.0547559
0.11723
0.0957596
0.0957577
0.0539516
0.0622452
0.0573448
0.0547558
0.147157
0.0541382
0.0594902
0.117211
0.414628
0.130571
0.0541381
0.774732
0.087624
0.329873
0.0888656
0.0539516
0.0541186
0.0596059
0.0694433
0.0696601
0.0706119
0.0561025
0.150852
0.0542096
0.0601215
0.0599988
0.0818105
0.0549446
0.0542097
0.133728
0.0549446
0.0706156
0.0706161
0.165722
0.0542097
0.146288
0.165705
0.0539516
0.0548985
0.116585
0.0628844
0.0561026
0.0541186
0.0596061
0.0594891
0.0542096
0.0872553
0.0594889
0.0539516
0.250585
0.605428
0.0542338
0.0547557
0.0755806
0.0547557
0.0561028
0.0620978
0.0957459
0.0558813
0.0561728
0.0596063
0.0561728
0.150865
0.0574335
0.0558814
0.066468
0.0957462
0.0628851
0.117203
0.105313
0.0547556
0.16569
0.147115
0.0542096
0.075848
0.0818067
0.0577342
0.0542338
0.214095
0.0549444
0.0539516
0.365175
0.0746998
0.165661
0.279501
0.0574321
0.130531
0.0654917
0.0599964
0.0541185
0.0547553
0.0561019
0.922609
0.0594865
0.188489
0.0574312
0.119831
0.0599956
0.0547552
0.0601184
0.0622386
0.0622385
0.130509
1.10471
0.0574317
0.0957194
1.12806
0.22002
0.0872478
0.170026
0.220041
0.0662778
0.0628836
0.13371
0.841664
0.0953057
0.0574332
0.320826
0.0542337
0.0539516
0.0547555
0.0662786
0.0744406
0.0539516
0.149966
0.057829
0.0622427
0.0541186
0.250596
0.0539516
0.193746
0.0542338
0.117204
0.365247
0.0539516
0.0706129
0.0542096
0.0622429
0.0547556
0.0574331
0.165687
0.066466
0.107568
0.117194
0.107568
0.0654959
0.0706125
0.0628843
0.0622428
0.0549445
0.0628844
0.0561026
0.605438
0.0578294
0.0547557
0.0628854
0.193765
0.13131
0.0542338
0.0561029
0.0664689
0.0547557
0.0656783
0.841794
0.0549447
0.165732
0.0539516
0.0578297
0.105324
0.0599996
0.0578297
0.13374
0.841866
0.252353
0.170134
0.0976832
0.37566
0.0703971
0.0547148
0.0972355
0.062248
0.0561739
0.0542098
0.0539516
0.0542339
0.0561038
0.0804659
0.130626
0.287779
0.134538
0.0542098
0.1658
0.0976915
0.119299
0.0561741
0.107619
0.0549452
0.0541383
0.0655051
0.0976974
0.0547562
0.0547562
0.060003
0.0801585
0.081509
0.0872855
0.0558175
0.0549451
0.0596101
0.0706257
0.0549452
0.170192
0.0696744
0.0977
0.095782
0.0758688
0.0539516
0.0549452
0.0600034
0.0558177
0.0549452
0.062739
0.0621038
0.993836
0.108174
0.0547564
0.0541383
0.188786
0.0578324
0.0628926
0.0549453
0.0541187
0.066291
0.0547564
0.0622508
0.054234
0.0561045
0.0549454
0.287934
0.0549454
0.0578328
0.484032
0.054234
1.09156
0.365726
0.0542098
0.0573469
0.0547563
0.0558829
0.0539516
0.059494
0.0539516
0.0558829
0.0574361
0.057436
0.054234
0.0541383
0.0573467
0.0704015
0.0549453
0.0558177
0.0622499
0.065506
0.147229
0.095779
0.0558175
0.0539516
0.0547562
0.0549451
0.0957766
0.0539516
0.0872816
0.0747178
0.24387
0.11724
0.0662855
0.0758627
0.057831
0.0542098
0.0628894
0.107611
0.0601251
0.0549451
0.0656841
0.0744554
0.965494
0.0561741
0.0578316
0.0578317
0.0539516
0.0596101
0.0547562
0.0539516
0.0539516
0.0594931
0.0600027
0.0547562
0.0696729
0.0541187
0.0662878
0.0744572
0.165801
0.062248
1.08542
1.04778
0.923046
0.069665
0.0594903
0.0706167
0.065679
0.116599
0.0628859
0.0541381
0.0541186
0.0574337
0.0549446
0.0662813
0.0662816
0.0601227
0.0541382
0.0558166
0.105324
0.0662814
0.0818152
0.065679
0.0620985
0.0541382
0.0574337
0.0541186
0.287633
0.0542097
0.0547558
0.0758559
0.0561031
1.13293
0.107604
0.117238
0.0574347
0.0541187
0.0696687
0.0578306
0.0574346
0.0547559
0.0696681
0.0622461
0.0594912
0.0957593
0.0558168
0.32096
0.0622448
0.0872645
0.0542097
0.0664695
0.220144
0.0622451
0.0547558
0.0549447
0.0976729
0.10533
0.0558817
0.074447
0.0804536
0.056103
0.589375
0.777598
0.0558162
0.0747036
0.669703
0.0804491
0.0696616
0.0561727
0.0747038
0.0541186
0.0542096
0.0664669
0.0549445
0.0599988
0.417154
0.653511
0.0872507
0.0542096
0.0758467
0.088862
0.055881
0.069442
0.0549444
0.0574327
0.0703851
0.0694419
0.055881
0.0547555
0.0872496
0.0872483
0.0696573
0.0558807
0.0818011
0.0594879
0.0539516
0.0539516
0.0656733
0.0541185
0.0539516
0.0696566
0.147085
0.0539516
0.0558155
0.0696551
0.0622396
0.062881
0.0549442
0.0622396
0.165627
0.0547552
0.0594866
0.0549441
0.219969
0.054138
0.0539516
0.0539516
0.0558154
0.117161
0.0654906
0.0574315
0.130513
0.0596029
0.074429
0.054138
0.0561715
0.0599953
0.0654894
0.0622379
0.0654889
0.0746892
0.0539516
0.0561714
0.0561013
0.427999
0.054138
0.054944
0.193621
0.0542095
0.0547552
0.0574314
0.0542336
0.0539516
0.0558152
0.0539516
0.250441
0.0541185
0.059996
0.0654908
0.0561017
0.0561718
0.0662737
0.0547552
0.930754
0.0976422
0.059997
0.25216
1.09805
0.0561025
0.0549445
0.0542096
0.0542338
0.0541381
1.03199
0.0656744
0.0594881
0.0578283
0.066277
0.0542337
0.0539516
0.0876208
0.0561723
0.0574325
0.0888595
0.0601205
0.147104
0.245221
0.0549443
0.0976461
0.0541185
0.531755
0.0622402
0.0541185
0.0706077
0.716729
0.0547553
0.0755695
0.0547553
0.0744331
0.0888512
0.0622397
0.117164
0.0801232
0.0622389
0.0957167
0.0599956
0.0817936
0.0594865
0.0622387
0.0578272
0.147059
0.054944
0.0561716
0.0539516
0.059603
0.0539516
0.0547552
0.0539516
0.0539516
0.146199
0.0561014
0.0542095
0.0561715
0.0542095
0.0817914
0.0578271
0.0578271
0.0599956
0.0620927
0.0574313
0.0539516
0.0622383
0.0622381
0.0542095
0.0654893
0.0578269
1.09616
0.108082
0.0656716
0.0549441
0.0696543
0.0628807
0.0549441
0.0817966
0.0578277
0.0542096
0.0547141
0.0577331
0.0758423
0.0628816
0.0746965
0.0547553
0.0952856
0.166637
0.0541185
0.054138
0.0654909
0.0957178
0.830495
0.130502
0.130497
0.18845
0.364834
0.105258
0.0547549
0.0976141
0.0654862
0.0578259
0.0542095
0.105257
0.0662684
0.414039
0.591542
0.21385
0.0547547
0.0539516
0.119153
0.0547548
0.0542335
0.0662664
0.0547548
0.069644
0.0541184
0.0539516
0.0599925
0.0574295
0.130455
0.165513
0.0547547
0.188355
0.165494
0.0758207
0.0622324
0.0542094
0.0755495
0.0628737
0.18717
0.0539516
0.0542094
0.0872068
0.193466
0.327228
0.543858
0.133603
0.107503
0.0558143
0.0746805
0.0539516
0.0547548
0.0594833
0.0549436
0.0888251
0.0542335
0.0561006
0.0574297
0.0541184
0.0539516
0.0596002
0.0594834
0.0541379
0.0744179
0.0578251
0.066266
0.0541184
0.0574295
0.0561005
0.0574295
0.0542335
0.0542094
0.0541184
0.0705948
0.0539516
0.0542094
0.0664539
0.0541379
0.14699
0.0573403
0.0814535
0.0628752
0.0594834
0.0558792
0.0744179
0.0558142
0.0539516
0.0628749
0.0599924
0.0578252
0.0541379
0.0817767
0.0976061
0.0578255
0.0549436
0.213863
0.0596002
0.0601153
0.0662666
0.0662669
0.0628759
0.0804184
0.0549436
0.318303
0.146986
0.0547547
0.169879
0.0542335
0.374846
0.0578255
0.192321
0.0758291
0.0622354
0.0888312
0.0561709
0.0956977
0.0539516
0.0662682
0.213885
0.169909
0.0541184
0.320432
0.0956929
0.0542335
0.0594837
0.0539516
0.0746807
0.0601153
0.0561006
0.0662668
0.930431
0.0558146
0.0547549
0.0705977
1.05958
0.0542094
0.0573406
0.0875877
0.0574295
0.0694266
0.0599924
0.107501
0.165526
0.840901
0.0574298
0.0976078
0.0561007
0.0539516
0.0558145
0.250308
0.0601162
0.059601
0.0705979
0.0804214
0.0539516
0.108051
0.0627246
0.056171
0.0628772
0.133633
0.107522
0.0541185
0.0599945
0.252025
0.054138
0.0664589
0.0746893
0.0549439
0.0744271
0.0542095
0.146184
0.0804256
0.0622365
0.0817854
0.0804251
0.0872259
0.0662693
0.0628776
0.117133
0.0578261
0.0539516
0.0594847
0.054138
0.0594846
0.0976161
0.0561011
0.0574304
0.0561711
0.0814625
0.0628779
0.0706005
0.0542336
0.0957054
0.0542095
1.10939
0.147004
0.470548
0.591452
0.0549435
0.0758241
0.0574294
0.591403
0.320296
0.06964
0.0758202
0.192261
0.0539516
0.0549434
0.0541184
0.133591
0.0888211
0.0705939
0.0541184
0.0542094
0.0654831
0.0656628
0.0549435
0.0976004
0.0755533
0.0561705
0.0541379
0.827522
0.0574291
0.0875812
0.055814
0.0595991
0.0654815
0.0541184
0.0956778
0.0542094
0.0744127
0.0755481
0.070591
0.0561701
0.213791
0.0804079
0.0599908
0.0539516
0.0578242
0.0542334
0.0541379
0.0547545
0.0547545
0.0542334
0.0542093
0.0558138
0.0561
0.0547545
0.0558137
0.0622315
0.0956725
0.0872016
0.0541378
0.0622307
0.0578238
0.134316
0.0541378
0.374666
0.0558138
0.0574285
0.287063
0.0975926
0.0888176
0.0599917
0.0578247
0.0804119
0.0975963
0.133594
0.0549435
0.0542335
1.06843
0.0561002
0.416402
0.0975911
0.0594821
0.0547546
0.0549434
0.0578244
0.0561001
0.0664511
0.0627212
0.0539516
0.0694237
0.482478
0.0547547
0.0595993
0.0539516
0.0758225
0.0595994
0.0817728
0.146974
0.0542335
0.0656618
0.0654816
0.0872078
0.0705912
0.0561002
0.0561002
0.074414
0.0578245
0.0558139
0.0539516
0.0561001
0.0628736
0.591311
0.0594819
0.0558787
0.0547545
0.105225
0.146943
0.0541183
0.0549432
0.374648
0.0872031
0.0599906
0.0654797
0.0539516
0.0814438
0.0561699
0.0599908
0.0956733
0.119762
0.0696388
0.27909
0.0542334
0.0574282
0.0755453
0.119759
0.424925
0.0549434
0.2433
0.0574285
0.0628726
0.0539516
0.149796
0.0628732
0.0541184
0.105229
1.03245
0.364484
0.0656581
0.0628711
0.0578236
0.0541183
0.117072
0.0804011
0.773461
0.0560993
0.0696334
0.251717
0.0662591
0.0539516
1.0937
0.0622281
0.0549429
0.0654752
0.0594793
0.0875567
0.0558128
0.0558777
0.0541183
0.0558777
0.0594789
0.062868
0.0574267
0.329082
0.416064
0.317915
0.280709
0.0628668
0.0594781
0.0539516
0.0560987
0.0578218
0.543253
0.0622268
0.0539516
0.057822
0.0578221
0.0622268
0.0755342
0.0539516
0.0547541
0.0558127
0.0817503
0.0541377
0.0549428
0.0743997
0.0887912
0.0574267
0.0549428
0.0541183
0.0703555
0.0758071
0.540391
0.840412
0.0599891
0.0628702
0.0558132
0.0888026
0.0628706
0.0547543
0.0547543
0.0574277
0.0561695
0.13355
0.0654779
0.0542093
0.0817613
0.0599899
0.105214
0.0594806
0.0574278
0.0549431
0.0539516
0.0703607
0.470165
0.0578232
0.0549431
0.0539516
0.0758129
0.0804003
0.0541378
0.0628704
0.0541183
0.213708
0.0875624
0.0664457
0.0656561
0.773373
0.0696314
0.088795
0.0694148
0.0875567
0.0541183
0.0574268
0.0547541
0.0975627
0.0539516
0.0542092
0.056169
0.0547542
0.0622276
0.785215
0.0561692
0.081434
0.0744037
0.0541183
0.0541378
0.0601112
0.0803961
0.0542093
0.0542333
0.0539516
0.278953
0.0560991
0.0542333
0.0541378
0.0871863
1.10466
0.107461
0.219672
0.0547543
0.0744065
0.0549431
0.059597
0.0578232
1.12348
0.0547545
0.0539516
0.133569
0.0758187
0.0578242
0.0656604
0.105225
0.0541378
1.14551
0.0547543
0.0578232
0.150641
0.0560996
0.0542334
0.10747
0.840591
0.0539516
0.0560999
0.0539516
0.0628723
0.0758184
0.0542093
0.0817679
0.0594819
0.0875753
0.374688
0.318174
0.0549433
0.0542093
0.0664501
0.0561
0.066263
0.059482
0.0541379
0.0694223
0.0561
0.0744119
0.0539516
0.0542093
0.0549433
0.0622315
0.0654799
0.0549433
0.0594815
0.081444
0.0594816
0.0705894
0.0888132
0.117087
1.03159
0.0558784
0.169816
0.0558136
0.0871998
0.0549432
0.0560997
0.0628716
0.0539516
0.0578238
0.074671
0.0539516
0.070588
0.728509
0.0539516
0.05617
0.0628728
0.149799
0.0578245
0.0817705
0.105232
0.065661
0.059482
0.0817691
0.0558788
0.187157
0.0595984
0.0622314
0.105223
0.0561698
0.0755462
0.0654798
1.12529
0.0541183
0.0975761
0.0549431
0.0804008
0.117065
0.069634
0.0871917
0.054943
0.0662584
0.543497
0.0755421
0.119747
0.0705872
0.0662609
0.074409
0.0558784
0.0622302
0.0594808
0.0696356
0.0539516
1.03238
0.146054
0.0703581
0.080086
0.0558779
0.0871884
1.09939
0.0743984
0.527517
0.133501
0.0956407
0.329011
0.0755332
0.0662553
0.0871818
0.469895
0.286808
0.0541182
0.0549428
0.081427
0.889361
0.133524
0.0539516
0.057427
0.0744016
0.0599881
0.0578225
0.0654748
0.0578225
0.057728
0.0620822
0.0627164
0.0561691
0.0549429
0.0541378
0.0541183
0.0803943
0.0574269
0.056169
0.119092
0.0744021
0.219628
0.0622282
0.0542333
0.0539516
0.0541378
0.150621
0.117056
0.0654753
0.0696316
0.105196
0.169758
0.0622278
0.0547542
0.0744012
0.0542092
0.0628684
0.0558129
0.107451
0.0560991
0.0541183
0.0539516
0.0547542
0.0547542
0.0578226
0.0578226
0.0539516
0.0744022
0.14689
0.0662565
0.0705818
0.0547542
0.0541183
0.0574269
0.0595957
0.056169
0.0574269
0.0542092
0.0705816
0.107452
0.0561691
0.0595961
0.0549429
0.0705828
0.0561692
0.0662578
0.0558131
0.0703582
0.0800862
0.0574272
0.0628693
0.0627171
0.0975708
0.05948
0.0539516
0.054943
0.0875617
0.0975705
0.0539516
0.0539516
0.0574274
0.0594799
0.0696328
0.0599887
0.0541183
0.0558131
0.0541378
0.117054
0.0558129
0.0975668
0.0628693
0.055878
0.219645
0.0574274
0.0574274
0.0758108
0.0746658
0.0891836
0.0541378
0.0705845
0.0574275
0.0561693
0.0541378
0.0744049
0.0956569
0.095655
0.0578227
0.0542333
0.364331
0.0560991
0.0803937
0.0628685
0.0549429
0.0705822
0.42468
0.0975708
0.0956574
0.0758107
0.0656561
0.0574273
0.0558131
0.165413
0.0541378
0.0952145
0.0971121
0.889462
0.0662586
0.06287
0.0539516
0.0628702
0.0599893
0.0578233
0.0601121
0.192198
0.119751
0.0547544
0.0541183
0.0804032
0.0755438
0.0541183
0.057428
0.0539516
0.05999
0.0558135
0.0578236
0.0703623
0.105218
0.0549432
0.0871983
0.327105
0.0549432
0.0539516
0.329275
0.146944
0.0574282
0.0872002
0.0541183
0.0548973
0.0654786
0.0549432
0.0956663
0.0601124
0.146927
0.0744068
0.0578233
0.0549431
0.0595971
0.0601121
0.0662599
0.150649
0.0547544
0.0814408
0.279052
0.062871
0.0558134
0.150652
0.0599901
0.0599902
0.0628718
0.0549432
0.0541183
0.0560998
0.0558136
0.0888105
0.0599906
0.0694214
0.0956707
0.0804044
0.0542093
0.0694198
0.0547544
0.0628714
0.0560997
0.0744088
0.105735
0.0758145
0.0549432
0.0542093
0.057428
0.0654781
0.0662603
0.069636
0.0578235
0.0601124
0.0539516
0.0578236
0.188287
0.0804009
0.0541183
0.0803999
0.416175
0.0601114
0.149751
0.0539516
0.11645
0.0558781
0.146053
0.18824
1.15458
0.0871775
0.105179
0.0803846
0.0574258
0.116409
0.166341
0.0594768
0.244594
0.193253
0.105166
0.0975394
0.0662512
0.0803803
0.0803793
0.193256
1.09965
0.0601091
0.0541377
0.0549427
0.0975512
1.09192
0.0875529
0.0549428
0.116426
0.213614
0.0574262
0.054754
0.603814
1.08109
1.10305
0.0599875
0.105188
0.278872
1.09579
0.14599
0.117013
0.193264
0.0755275
0.27879
0.0574254
1.06826
0.0539516
0.0871634
0.0656469
0.105154
0.714934
1.09136
0.317549
1.10939
1.08076
0.165189
0.0803533
0.0654582
0.0871319
0.187935
0.054233
0.0622152
0.0955744
0.529453
0.0951321
0.213242
1.08511
0.319214
0.468703
0.116273
0.0574199
0.105581
0.25102
0.541874
0.169435
0.0970142
0.666732
0.0560956
0.0561654
0.059978
0.0664222
0.0595861
1.14593
0.0549416
0.0539516
0.075502
0.054118
0.146694
0.772049
0.0871229
0.0560958
0.0594701
1.08071
0.166108
0.0547527
0.0594689
0.130184
0.0539516
0.130179
0.0754912
0.920549
0.119552
0.066232
0.0887157
0.0951161
0.0539516
0.0955503
0.0628509
0.169427
0.0594684
0.0595847
0.0664192
0.0887166
0.0539516
0.326118
0.0578157
0.0574206
0.0743598
0.133325
0.0743603
0.0541374
0.0871137
0.786483
0.0539516
0.0703259
0.0542329
0.057816
0.0578161
0.0816993
0.0541374
0.286241
0.116911
0.0574211
0.288125
0.0539516
0.219203
0.0955701
0.19302
0.1695
0.107351
0.0560962
0.0757737
0.249595
0.0539516
0.0601026
0.0578175
0.423853
0.119618
0.0547532
0.0558755
1.05035
0.219338
0.165226
0.0875126
0.0561667
0.069612
0.133402
0.133407
0.0975094
0.0578187
0.116964
0.0705636
0.0539516
0.0594734
0.087145
0.116958
1.10462
0.149604
0.251391
1.06986
0.133448
0.107944
0.0578202
0.0703459
0.374135
0.0594762
0.059985
1.09125
0.0541376
0.0694031
0.0577255
0.0664355
0.0803735
0.150519
0.0662488
0.193229
0.0662498
0.413156
0.0541376
0.0549423
0.0541182
0.0574248
0.0599845
0.0662492
0.0558118
0.150532
0.326728
0.087167
0.0599852
0.134222
0.0656489
0.0549425
0.15055
0.0578209
0.0542092
0.0558121
0.0599858
0.0622243
0.0654696
0.193268
0.0627131
0.0664396
0.0599862
0.243043
0.0549426
0.059986
0.0574257
0.188147
0.1164
0.0541377
0.087167
0.0539516
0.784822
0.13423
0.0574256
0.0578211
0.059986
0.0599861
0.0696252
0.0573366
0.964084
0.057426
0.0539516
0.0871746
1.07649
0.603848
0.0549428
0.0594786
1.0914
1.03138
0.921506
0.590475
0.0578204
0.0803768
0.192026
0.66782
0.0628648
0.16533
0.105684
1.09929
0.05782
0.921335
0.0696183
0.0561674
0.0547535
0.0599836
0.0696182
0.213457
0.0871527
0.0560973
0.0601055
0.988002
0.0547534
0.373937
0.0574238
0.0539516
0.054209
0.426737
0.0871532
0.0560973
0.0541181
0.469406
0.0875191
0.0558111
1.11111
0.0871405
0.054209
0.0803574
0.0549418
1.09756
0.426458
0.105111
0.0970429
0.0951477
0.415263
0.054118
0.0549416
0.05998
0.0817101
0.13338
0.0574224
0.0549417
0.0558104
0.149555
1.08175
0.134151
0.130986
0.089132
1.26665
0.0542091
0.145932
0.0746431
0.0622202
0.0541181
0.0549421
0.0549421
0.0578192
0.0817261
0.326595
0.0817292
0.0595915
0.1932
0.48162
0.0755222
0.426928
0.107417
0.055812
0.117007
0.0755243
0.0594763
0.0542091
1.08598
0.0887794
0.251568
0.107433
1.09974
0.0578221
0.0696296
0.0705802
0.0956459
0.0755341
0.0871823
0.0558776
0.0573374
0.0577275
0.0817492
0.0547541
0.0541182
0.0547541
0.0549428
0.0622267
0.0887897
0.278892
0.278868
0.0541182
0.0956383
0.057426
0.0541377
0.0549426
0.0561684
0.785018
0.889321
0.0627157
0.105191
0.0628678
0.0541182
0.0595953
0.074399
0.117037
0.0956414
0.0871778
0.130352
0.0887833
0.0975519
0.054754
1.14607
0.146888
1.15442
0.415893
1.01218
1.06826
0.87723
0.249824
0.186923
0.65456
0.069618
0.11637
0.057424
0.0956065
0.0662456
0.0558113
0.319637
0.373948
0.0558112
0.0755161
0.590172
0.095602
0.130275
0.055811
1.09606
0.481491
0.0817281
0.286592
0.0622216
0.0578198
0.075791
0.0696193
1.07645
0.105157
0.278694
0.667679
0.0703462
0.0622227
0.0743876
0.413103
0.0549423
0.0803722
0.0574244
0.0539516
0.0541376
0.0951752
0.062221
0.075518
0.0662472
0.089148
0.146793
1.09189
1.17991
0.927846
0.0817449
0.0558124
0.540216
0.0817481
0.188196
2.41008
1.0819
0.0664517
0.165498
1.14008
0.0891929
0.0558785
0.0705884
0.0817656
1.10139
0.0558789
0.116482
0.0875771
0.27911
1.12518
0.0601121
0.0549431
0.06626
0.0956639
0.0817608
0.0539516
0.0560996
0.413643
0.0595969
0.0694173
0.992785
0.0547544
0.919956
0.11706
0.065476
1.08871
1.10593
0.119708
0.107441
0.165378
1.106
1.19551
1.20026
0.0547534
0.0628608
0.66754
0.481569
0.0547536
0.107405
0.249833
0.0601072
0.0628634
0.0975352
0.0887735
1.0858
0.0694082
0.087541
0.0541182
0.0574255
0.0654693
0.0970883
0.0561681
0.0746531
0.0549425
0.0561681
0.0578209
0.0547538
0.0975431
0.133485
0.829256
0.0578209
0.088778
0.0871708
0.0956288
0.0755262
0.88915
0.784971
0.0743959
0.057426
0.0599866
0.0654715
0.0654712
0.0542092
0.0594775
0.0539516
0.0599863
0.219547
0.0664411
0.0956389
0.0662537
0.0654718
0.364159
0.149689
0.0743949
0.105175
1.10101
0.244576
0.19324
0.105162
0.056098
0.188113
1.2853
0.133428
0.213437
0.0574237
0.0542331
0.0574237
1.06088
1.1129
0.0871466
0.107382
0.165235
0.727344
0.0875183
0.0800533
0.066244
0.10513
0.373899
0.481436
0.0574238
0.654379
0.0578188
0.0705649
0.169601
0.0547534
0.0871503
0.150485
0.0595907
0.787256
0.0542091
0.0696173
0.145928
0.0549421
0.119018
0.0871531
0.107393
0.0541181
0.0871532
0.0578193
0.074643
0.0628608
0.0743817
0.0595907
0.107928
0.0549421
1.13021
0.219454
0.0539516
0.0755228
0.119676
0.0558119
0.0887732
0.0817377
0.0541377
0.169682
0.0594768
0.107423
0.0539516
0.0561682
0.133484
0.107429
0.0594775
0.0560984
0.0547539
0.0705766
0.0662533
0.0951994
0.0696259
0.0539516
0.10743
0.0622252
0.0561684
0.0875445
0.0578213
0.0705765
0.0705769
0.0887841
0.0743959
0.0656512
0.0743948
0.062225
0.0758003
0.0577269
0.0620796
0.0541377
0.0542333
0.0547539
0.133492
0.119702
0.0577272
0.0578217
0.0542333
0.0705786
0.590719
0.0560986
0.0594778
0.27883
1.01326
0.0539516
0.0817396
0.0594769
0.0542091
0.0539516
0.0817402
0.0539516
0.0547538
0.328931
0.0622248
0.9572
0.0599855
0.055877
0.0594767
0.957139
0.0746495
0.0601072
0.0542091
0.0664368
0.654668
0.328819
0.0547537
0.539968
0.219495
0.0542332
0.0743913
0.0574253
0.16532
0.0558768
0.0549424
0.169672
1.10136
0.133491
0.213585
1.01219
0.055812
0.166327
0.0594763
0.0539516
0.117003
0.130318
0.0628632
0.130315
0.0578201
0.131035
0.0664355
0.0696199
0.0803727
0.0561675
0.0887664
0.0541376
0.0620764
0.921309
0.116981
0.0558113
0.0542091
0.0599832
0.130291
0.0558112
0.0578192
0.080367
0.0560973
0.0594742
0.219389
0.0622204
0.0803671
0.0620745
0.992316
0.0574241
0.0558113
0.328732
0.0599837
0.481588
0.784697
0.993744
0.0975405
0.0956281
0.15055
0.055877
0.0601082
0.0599858
0.543091
0.0541377
0.0561684
0.0696258
0.0547539
0.921528
0.772917
0.837466
0.0620783
0.0622237
0.249892
0.0549425
0.066439
0.133484
1.07649
0.96573
1.3495
0.0975776
0.0662603
0.150654
1.15846
0.287111
0.0654824
0.0804121
0.922102
1.09371
0.0755449
0.31811
0.192212
0.0542334
0.0595978
0.0952302
0.0595975
0.165447
0.0539516
0.0578234
0.119747
0.0705872
0.0541378
0.133561
0.0574282
0.0549432
0.116465
0.0622303
0.0547544
0.0547544
0.0558783
0.0558134
0.117069
0.470138
0.117059
0.0601114
0.0975713
0.327045
0.0628706
0.0578234
0.279022
0.665362
0.0539516
0.0578235
0.116459
0.0971249
0.0696358
0.119748
0.0696361
0.0549431
0.0539516
0.31807
0.0696346
0.0744054
0.829633
0.0574271
1.19155
1.08085
0.116408
0.0558771
0.059477
0.0622241
0.105167
0.119052
0.0558121
0.0871687
0.46967
0.133467
0.784832
0.0594769
0.0975428
0.24992
0.543145
0.0542092
0.130352
0.107433
0.054754
0.0549427
0.0541182
0.0549427
0.0696269
0.424498
0.0800771
0.0542092
0.0539516
0.0542333
0.0542092
0.059478
0.0560986
1.11154
0.213643
0.244698
1.04997
0.0694134
0.0746608
0.0975598
0.0803913
0.074399
0.0558776
0.0871806
0.0539516
0.0574263
0.0578218
0.0817481
0.169739
0.0755349
0.0705811
0.0541183
0.0539516
0.165393
0.0755348
0.0547541
0.0541183
0.0656536
0.0705805
0.0549428
0.0560989
0.668212
0.062869
0.149741
0.0975708
0.05948
0.0542093
0.116446
0.0541378
0.0547542
0.054943
0.0547542
0.095654
0.0549429
1.10766
0.089174
0.482041
1.05001
0.188247
1.09931
1.08855
0.0628665
0.146859
0.0696265
0.0542092
0.105176
0.0558123
0.244626
0.427046
0.0662527
0.0547539
0.0541182
0.213575
0.319861
0.0541377
0.145979
0.988163
0.0541182
1.8513
0.105125
0.13026
0.0746358
0.0594725
0.415335
0.714422
0.087132
0.481135
0.054118
0.0547531
0.149552
0.0693928
0.0746324
0.105108
0.0696077
0.469035
0.105098
0.056096
1.11862
0.0539516
0.0887258
0.0558746
1.10299
0.0705554
0.065636
0.054118
0.169504
0.116925
0.107887
0.166158
0.0549415
0.116311
0.059979
0.0662374
0.0891163
0.886237
0.426441
0.0696088
0.24962
0.054233
0.0599807
0.0743727
0.0755066
0.481237
0.219318
0.0817183
0.0628589
0.251339
1.11513
0.119654
0.0803696
0.134187
0.0542091
0.105145
0.0755179
0.0601061
0.0956111
0.0558763
0.0547535
0.0817278
0.0574242
0.0757891
0.069618
0.0817286
0.244495
0.0578194
0.0755177
0.0539516
0.0558114
0.0746443
0.0574241
0.0542331
0.988012
0.0547534
0.105133
0.213406
0.059982
0.0628595
0.0547533
0.0561669
0.062219
0.107383
0.46932
0.0547533
1.12508
0.0549418
0.0696097
0.0705594
0.0539516
0.0549418
0.363639
0.46909
0.987753
0.0955728
0.213264
0.0594702
0.0627022
0.0628543
0.0654554
0.187894
0.0622134
0.054118
0.0541374
0.0547117
0.0599782
0.0871199
0.0558745
0.0561655
0.059586
0.0578161
0.0561655
0.0599781
0.0547528
0.0622132
0.062213
0.0594695
0.956443
0.0746199
1.22411
1.0809
1.10094
0.588897
0.0573293
0.0622059
1.10791
1.06963
0.0705421
0.0547523
0.0662284
0.187765
0.186585
0.087463
0.0549408
0.080012
0.0955272
0.0955252
0.187715
0.0600955
0.164983
1.01242
0.17034
0.065622
0.24233
0.075473
0.0622047
0.054752
0.146528
0.0541178
0.0803097
1.05886
0.0693657
0.249114
1.15738
0.116788
0.0620556
0.0662168
0.0695777
0.0574159
0.0622004
0.0539516
0.0890467
0.962634
0.0542086
0.145635
0.059578
0.0549401
0.116178
0.285679
0.0547516
0.107242
0.0743317
0.0541371
0.0594618
0.0541371
0.887319
0.0599704
0.0628419
0.0743336
1.10091
0.0574159
0.0547516
1.10258
0.0600907
1.09122
1.46319
0.413747
0.424889
0.129975
0.054137
0.0578081
0.241955
0.0954487
0.146361
0.0870277
0.104931
0.0621927
1.09923
1.36314
0.874389
0.0595688
0.0621873
0.0549386
0.057805
1.1227
1.14782
0.526742
0.119275
1.06923
1.12315
0.0704965
0.324784
0.784154
0.781473
0.149985
0.0628282
0.168994
0.277268
0.0542082
1.03453
0.0594545
0.0549389
0.118715
0.145463
0.0542083
0.0578061
0.0954245
0.0574114
0.285184
0.0600843
1.07632
0.218519
0.0539516
0.0542083
0.0754382
0.0547098
0.057713
0.0663908
0.0542083
0.0558052
0.0541369
0.0547508
0.129942
0.0549391
0.648589
0.0621911
0.164691
0.0695574
0.191229
0.374532
0.0695592
0.285256
1.09349
0.105428
0.057323
0.0595706
0.250272
0.0745624
0.250283
0.088619
0.28525
0.062831
0.0542323
0.0968924
0.0594558
0.0695603
0.0549391
0.150038
0.088626
0.0654247
0.104925
0.057713
0.0950024
0.191265
0.0757092
0.0542083
0.0547508
0.0654247
0.0754393
0.0541175
0.0578073
0.149176
0.062193
0.0799612
1.07606
0.0870295
0.0621934
0.0547509
0.0547509
0.212636
0.116705
0.133821
0.0886281
0.0549392
0.0549392
1.0603
0.0757142
0.724972
0.0656074
0.0539516
0.107728
1.08494
1.08493
0.10493
0.316134
0.0547508
0.0656029
0.212597
0.0621913
0.0594552
1.10449
0.218551
0.0595725
0.277408
0.104924
0.648589
0.0968884
0.0628308
0.587478
0.769759
0.133049
0.05616
0.0558694
0.664644
0.0802642
0.104915
0.32501
0.0973391
0.104919
0.0578067
0.0745646
0.927363
0.133072
0.0558052
0.884409
0.0539516
0.164731
0.0558052
0.118742
0.13383
0.0621933
0.527565
0.169061
0.874775
1.12057
0.587371
0.116677
0.0578059
0.0594541
1.04897
0.324996
0.0541175
0.837126
0.24343
0.164695
0.0541175
0.0560904
0.826189
0.0870125
0.0695558
0.129909
0.0816117
0.53703
0.661559
0.0558048
0.711869
0.0654211
0.0662008
0.0628292
0.119346
0.0886176
0.0662023
0.0578066
0.0654226
0.218505
0.0547507
0.104918
0.054939
0.47915
0.0628311
0.107169
0.169055
1.12536
1.44379
0.0705198
1.03038
0.82672
0.413816
0.187443
0.0539516
0.0549394
0.056161
0.0621949
0.0886379
0.186273
0.0574134
0.0549394
0.0656065
0.10494
0.133098
0.133103
0.0542324
1.01086
0.0754435
0.054751
0.116719
0.119382
0.107186
0.133103
0.05471
0.0595737
0.0754456
1.27754
1.03018
0.057412
0.0541369
0.277334
0.0547506
0.116077
0.0702804
0.0561599
0.0542083
0.0870143
0.0621901
0.0802596
0.129911
0.104902
0.527195
0.0742966
0.0870034
0.0574106
0.651226
0.104884
0.524039
0.277108
0.0539516
0.059959
0.168921
0.0663814
0.0802459
0.0560892
0.0742903
0.0661947
0.0561589
0.0621859
0.0547502
0.0595677
0.0549384
1.06964
0.421732
0.119318
0.164627
0.0599603
0.0695512
0.0654171
0.0547503
0.0541368
0.062042
0.371898
0.0702749
0.0628267
0.0561593
0.285104
0.0549387
0.0954149
0.277204
0.0628267
0.0539516
0.927123
0.3249
0.0561597
0.149123
0.25026
0.0558047
0.826122
0.0968769
0.0542322
0.0541369
0.315976
0.0705024
0.0578058
0.0754311
0.277268
0.0542082
0.0949842
0.324908
0.0954202
0.648306
0.277211
0.129886
0.130601
0.104884
0.192338
0.0599602
0.0973139
0.0539516
0.0574105
0.0549386
0.116654
0.168953
0.424404
0.149979
0.149112
0.42451
0.057806
0.0541369
0.600434
0.097334
0.0541175
0.0599627
0.069558
0.316029
0.165669
0.250258
0.0954252
0.070504
0.0973316
0.133051
0.0886187
0.0558049
0.16469
0.0886176
0.054939
1.0346
0.0547507
0.104921
0.0662032
0.0621916
0.413503
0.075705
0.0542083
0.133061
0.0539516
0.0799562
0.0595713
0.074304
1.08045
0.876777
0.116061
0.149111
0.062044
0.118704
0.0578058
