0.0002342686	0.0007913002	0.0003539866	0.0003493801	0.0002915988
0.0001908843	-5.179959e-05	0.0002929178	-0.0001641823	-2.369417e-05
9.766261e-05	9.165837e-05	-8.811551e-06	0.0001493525	-8.13178e-05
-0.0002441376	-0.0002633453	-0.0001805888	9.626026e-05	-7.992716e-05
5.926103e-06	9.322309e-05	-4.147959e-05	-0.0001110061	-7.841995e-05
-4.438046e-05	-1.633598e-05	3.556293e-05	-3.997225e-05	2.9636e-05
6.512382e-05	0.0001331979	3.403742e-05	-5.925752e-06	-1.185161e-05
-1.185175e-05	3.403727e-05	-1.033391e-05	4.140726e-05	0
0.0001539073	8.583094e-05	-2.217951e-05	0.0001819731	7.39645e-05
-3.553695e-05	7.547839e-05	-3.994144e-05	-4.290452e-05	-8.133584e-05
-7.252884e-05	6.95671e-05	-9.326292e-05	3.698835e-05	-0.00013315
-5.765808e-05	2.962464e-06	5.028829e-05	-5.180565e-05	2.51445e-05
6.365322e-05	9.912044e-05	0.0001582689	5.92286e-06	4.442033e-05
-1.928468e-05	1.632339e-05	0.0002144183	0.0002972497	9.167689e-05
-1.515849e-06	-5.616021e-05	-1.328257e-05	1.032288e-05	0.0001744622
8.805312e-06	-2.064208e-05	6.798735e-05	2.359962e-05	-6.798574e-05
-5.918298e-06	3.399365e-05	3.991039e-05	-7.361291e-06	1.47947e-05
2.655773e-05	7.433152e-06	-3.254751e-05	5.917651e-05	1.623684e-05
3.839007e-05	-4.401794e-06	-2.071034e-05	-7.981459e-05	-1.919686e-05
1.18357e-05	7.36116e-06	5.470182e-05	-4.430969e-05	8.804362e-06
2.071159e-05	5.318426e-05	1.039117e-05	-6.501872e-05	7.360823e-06
2.215431e-05	1.335008e-05	1.443241e-06	-1.919527e-05	6.941876e-05
8.427743e-05	-1.334826e-05	-4.72615e-05	-2.958428e-06	-2.806942e-05
-1.183413e-05	-1.775146e-05	-3.694713e-05	-1.47215e-05	-3.550569e-05
2.80727e-05	-6.942543e-05	1.443405e-06	2.807382e-05	3.103184e-05
1.479391e-05	1.327825e-05	9.315928e-05	1.471996e-05	2.958397e-06
2.366686e-05	-4.877744e-05	0	1.515311e-06	4.43038e-05
-1.919326e-05	4.401495e-06	5.324934e-05	2.510846e-05	-1.334781e-05
2.958139e-05	-2.070688e-05	5.02874e-05	3.246541e-05	1.774731e-05
-6.204483e-05	-5.468921e-05	-6.060896e-05	4.141652e-05	4.28578e-05
2.950876e-05	-1.327523e-05	1.327523e-05	-1.919142e-05	5.317231e-05
-1.442902e-06	1.03167e-05	-6.64472e-05	5.908845e-05	-6.50047e-05
-1.774897e-05	1.031753e-05	-2.950985e-05	-1.774962e-05	8.87485e-06
-5.613656e-05	2.511031e-05	-2.662561e-05	2.958397e-05	-1.479188e-05
-1.775054e-05	6.796987e-05	-7.532994e-05	-4.141945e-05	2.958589e-06
-1.443213e-06	6.349941e-05	5.765109e-05	0.0001167351	-2.214832e-05
2.070544e-05	-1.334667e-05	5.619908e-05	5.756651e-05	5.763533e-05
3.837362e-05	6.210156e-05	2.35846e-05	3.101254e-05	-8.798809e-06
-2.36562e-05	7.356561e-06	-3.988475e-05	-7.356854e-06	-3.988663e-05
-8.871926e-06	-1.442597e-06	1.767167e-05	-7.357147e-06	2.510063e-05
-0.0001329395	-8.418735e-05	2.359049e-05	1.478886e-05	1.623142e-05
-3.246311e-05	-1.514971e-06	-1.031629e-05	3.102069e-05	1.47886e-05
1.031582e-05	-1.031582e-05	-4.472626e-06	-2.358983e-05	-3.102111e-05
-2.662121e-05	-1.32748e-05	2.957986e-06	1.442917e-06	-1.442917e-06
-1.038906e-05	-1.774823e-05	8.570806e-05	5.908234e-05	5.619352e-05
2.957466e-06	-4.140532e-05	-1.478803e-05	1.478803e-05	1.630265e-05
-2.813305e-05	3.989099e-05	8.129191e-05	-1.514696e-06	-1.031442e-05
-2.070128e-05	1.334408e-05	-1.630144e-05	1.478672e-05	2.80581e-05
-1.32716e-05	9.45563e-05	0.0001269986	4.398868e-06	3.252218e-05
-1.478268e-05	2.956553e-06	-1.32685e-05	-4.470948e-06	1.514356e-06
2.358038e-05	-1.175407e-05	1.442224e-06	-8.869712e-06	-4.723434e-05
-1.51442e-06	-1.918286e-05	-7.35593e-06	-5.91363e-06	-2.509726e-05
-8.719624e-05	-1.442516e-06	1.77428e-05	-1.478565e-05	-5.91432e-06
-4.435852e-05	-8.79981e-06	-3.844598e-05	-7.35756e-06	-1.038724e-05
5.914967e-06	6.203291e-05	1.038653e-05	-5.027469e-05	1.038694e-05
8.872097e-06	2.062912e-05	4.875805e-05	1.478563e-05	5.914189e-06
4.284077e-05	2.365539e-05	4.132348e-05	-1.031268e-05	0
-5.913613e-06	8.870406e-06	-4.471252e-06	2.365414e-05	1.182686e-05
1.766791e-05	-5.019211e-05	-3.396764e-05	7.240522e-05	-8.423286e-05
-3.988327e-05	-1.031366e-05	3.988369e-05	-2.069893e-05	-3.541275e-05
2.509919e-05	0	-3.252809e-05	-5.914312e-06	-7.356876e-06
8.87152e-06	-1.334337e-05	-1.175674e-05	4.428541e-05	-5.914224e-06
1.774257e-05	-2.661397e-05	-1.327119e-05	5.914355e-06	-1.182875e-05
-1.182889e-05	-3.101543e-05	1.327183e-05	8.871835e-06	1.92581e-05
1.175664e-05	-1.03141e-05	3.988539e-05	-2.95709e-06	1.442484e-06
1.514606e-06	4.875467e-05	-1.622725e-05	-4.471556e-06	-5.762716e-05
3.548545e-05	-1.182834e-05	1.514613e-06	-6.505829e-05	2.661527e-05
7.241302e-05	2.956994e-06	1.471272e-05	-8.870878e-06	-8.798835e-06
-4.284134e-05	-2.95713e-06	-5.914285e-06	4.399655e-06	-2.070018e-05
-2.805773e-05	-8.871887e-06	4.140147e-05	-1.774328e-05	-4.399804e-06
2.358561e-05	5.762733e-05	-1.442446e-06	2.358373e-05	0
-2.956951e-06	1.514537e-06	-8.870891e-06	6.058013e-05	2.653871e-05
-1.766836e-05	3.69229e-05	-1.038443e-05	-1.44229e-06	-2.805296e-05
1.918283e-05	-5.913464e-06	-1.031259e-05	4.867737e-05	-3.396574e-05
4.47114e-06	2.213906e-05	4.398907e-06	-1.622557e-05	1.326893e-05
-4.427854e-05	3.987962e-05	-2.069682e-05	-4.283729e-05	-8.560796e-05
-1.038596e-05	-1.918546e-05	-2.070052e-05	2.957243e-06	-1.774359e-05
-7.357191e-06	-2.957357e-05	4.580259e-05	-5.914548e-06	-1.622912e-05
-2.957335e-06	1.031457e-05	-8.799836e-06	0	-1.182941e-05
1.182941e-05	7.681563e-05	-3.988569e-05	1.767107e-05	-7.356898e-06
5.315597e-05	2.365602e-05	2.365546e-05	0	-1.774155e-05
5.913884e-06	2.949678e-05	-2.95685e-06	5.762095e-05	4.471073e-06
4.39894e-06	8.869935e-06	-1.622555e-05	2.358105e-05	-1.478316e-05
1.182654e-05	-3.836467e-05	-1.62261e-05	-1.629848e-05	1.629848e-05
4.399102e-06	2.069716e-05	3.692209e-05	4.398829e-06	-3.396523e-05
1.773995e-05	4.398881e-06	1.182641e-05	0	6.648487e-05
1.182548e-05	2.357843e-05	4.72994e-05	1.76646e-05	0.0001033857
-2.213259e-05	-1.038158e-05	-5.839684e-06	-7.425821e-06	-1.030973e-05
1.773555e-05	2.883799e-06	-2.883799e-06	7.353671e-06	1.030947e-05
4.729242e-05	-1.513899e-06	1.038098e-05	3.539544e-05	-1.773361e-05
4.577514e-05	-2.804153e-05	-3.099798e-05	-4.282204e-05	-2.955798e-06
-1.182328e-05	-1.030944e-05	-0.0001004325	7.426435e-06	-1.629497e-05
1.629497e-05	-4.470275e-06	8.868429e-06	5.912242e-06	-1.478067e-05
4.470275e-06	-7.426435e-06	8.868455e-06	1.622258e-05	-2.213487e-05
2.509096e-05	0	-4.398083e-06	1.441996e-06	-7.354203e-06
-5.912242e-06	-1.622279e-05	-7.426523e-06	2.22073e-05	-1.629492e-05
2.804729e-05	2.956056e-05	-3.395866e-05	-5.912242e-06	1.622253e-05
2.956077e-06	1.925034e-05	5.839917e-06	-8.795938e-06	1.441962e-06
1.182401e-05	2.069169e-05	2.653087e-05	6.646828e-05	-1.917586e-05
2.804277e-05	-8.86691e-06	-5.911317e-06	-8.867041e-06	1.7734e-05
-2.660112e-05	-1.917632e-05	-1.030922e-05	8.795288e-06	-1.917671e-05
3.986696e-05	1.477849e-05	1.622004e-05	0	-7.353052e-06
2.955645e-06	-8.866962e-06	1.18226e-05	0	-1.18226e-05
-2.804319e-05	4.39757e-06	2.50874e-05	1.773382e-05	-2.068949e-05
-2.883586e-06	0	7.353128e-06	-2.955663e-06	1.326437e-05
-1.441771e-06	-4.469502e-06	0	-2.804298e-05	-1.326482e-05
-1.3265e-05	-3.691222e-05	-2.364761e-05	-2.509014e-05	-1.514081e-06
2.95606e-06	1.514076e-06	1.766405e-05	-8.795938e-06	-3.691494e-05
1.326646e-05	0	1.031023e-05	-1.478043e-05	1.773649e-05
-7.354116e-06	3.100228e-05	1.441943e-06	-1.441943e-06	-2.95599e-06
-2.364823e-05	1.333825e-05	1.326597e-05	0	8.867918e-06
1.182377e-05	-2.804563e-05	1.030992e-05	-8.86797e-06	1.326588e-05
-1.766384e-05	2.804571e-05	2.653095e-05	-7.353617e-06	-2.955881e-06
-1.917739e-05	0	-7.425931e-06	4.469984e-06	5.911884e-06
1.030967e-05	1.47794e-05	0	2.06908e-05	0
2.357401e-05	-2.948563e-05	-1.477919e-05	1.441881e-06	-8.867604e-06
4.469859e-06	2.955863e-06	-2.364715e-05	-2.069172e-05	-1.030997e-05
-2.364844e-05	-2.35769e-05	-2.21354e-05	-1.629543e-05	1.182503e-05
-1.031084e-05	5.912521e-06	-5.912521e-06	-5.912556e-06	-5.912591e-06
-7.426841e-06	-1.766601e-05	1.442135e-06	-2.2137e-05	2.956435e-06
-1.478226e-05	5.912932e-06	-1.622459e-05	1.622459e-05	3.25205e-05
-1.773832e-05	-1.182572e-05	-0.0002126706	-4.724223e-05	-2.957221e-06
-5.914469e-06	-2.957248e-06	-4.284501e-05	2.214403e-05	-6.946321e-05
-2.510316e-05	-3.693452e-05	3.397693e-05	-4.400344e-06	-3.5492e-05
-1.442791e-06	2.661916e-05	-8.872975e-06	1.918861e-05	-1.774584e-05
-7.358126e-06	1.183069e-05	-7.430231e-06	0.0001019264	8.872084e-06
2.070122e-05	0.0001181402	2.365522e-05	-3.692547e-05	-5.913971e-06
6.202283e-05	1.182717e-05	7.824333e-05	-8.797562e-06	0
-2.660949e-05	1.918198e-05	-1.622533e-05	1.182649e-05	2.358045e-05
4.470849e-06	1.622469e-05	1.038366e-05	-8.869371e-06	-2.220983e-05
2.365201e-05	4.470743e-06	-2.660843e-05	-7.3553e-06	1.031183e-05
3.540553e-05	3.396218e-05	-7.354768e-06	-1.478181e-05	-2.357923e-05
-1.773887e-05	0	1.442197e-06	2.213746e-05	4.470697e-06
-1.326793e-05	-8.869424e-06	5.609958e-05	5.912626e-06	1.917974e-05
-1.442073e-06	3.244614e-05	-8.868507e-06	-2.213556e-05	-1.917974e-05
-8.868952e-06	-2.365092e-05	7.427027e-06	-2.509348e-05	-3.107929e-05
5.913072e-06	4.434692e-05	-4.470658e-06	2.069465e-05	1.622373e-05
-3.540412e-05	5.314177e-05	1.773733e-05	-1.182485e-05	1.514166e-06
8.796535e-06	2.956195e-06	9.747745e-05	1.326543e-05	1.513978e-06
8.867538e-06	2.653005e-05	1.182295e-05	8.867119e-06	0.0001004164
3.986102e-05	2.212831e-05	3.690345e-05	1.62169e-05	-4.396557e-06
5.311776e-05	-1.917108e-05	-3.690176e-05	6.046916e-05	7.379769e-05
2.363717e-05	1.181838e-05	5.462214e-05	-1.181773e-05	1.772654e-05
1.174546e-05	1.477171e-05	5.908621e-06	4.57546e-05	-8.86254e-06
-9.7349e-05	-4.727281e-05	1.477299e-05	0	-4.424756e-05
-6.500567e-05	4.468374e-06	3.834071e-05	-2.212501e-05	-5.909694e-06
-7.351131e-06	1.477428e-05	1.326063e-05	6.644464e-05	-2.659174e-05
-7.350686e-06	3.538369e-05	1.916865e-05	4.280384e-05	1.62131e-05
7.421909e-06	6.931653e-05	8.86237e-06	1.77245e-05	-8.862213e-06
-7.349211e-06	-2.363312e-05	5.756874e-05	-3.840281e-05	-5.014923e-05
-3.098426e-05	-1.621307e-05	-1.513234e-06	1.62131e-05	-1.030429e-05
1.513225e-06	-0.0001948645	-0.0001461012	-1.333541e-05	-3.539377e-05
2.659951e-05	-2.955466e-06	-1.773298e-05	2.357182e-05	-2.883373e-06
-5.910941e-06	-2.515793e-05	-5.839038e-06	-1.477796e-05	3.539466e-05
-1.441713e-06	-2.955519e-06	3.834898e-05	7.676562e-05	1.513629e-06
3.985807e-05	2.508166e-05	-3.546047e-05	1.333386e-05	4.396531e-06
3.25049e-05	-7.380422e-05	-8.865522e-06	-2.364178e-05	8.865732e-06
-2.364213e-05	2.659735e-05	-1.477622e-05	-8.865836e-06	4.137323e-05
1.621726e-05	1.917207e-05	-5.910148e-06	2.068536e-05	-8.865104e-06
1.917159e-05	1.924329e-05	5.455668e-05	8.417145e-05	1.916819e-05
-2.954511e-05	-2.954559e-06	-2.356472e-05	1.765558e-05	-4.39585e-06
-2.954598e-06	2.80323e-05	-8.863599e-06	-7.350361e-06	2.954524e-05
4.273096e-05	-5.836668e-06	-3.249861e-05	7.350112e-06	-4.575893e-05
-0.0001018301	2.21974e-05	-3.545842e-05	-1.621616e-05	-4.728062e-05
-0.0001904425	3.251186e-05	-1.326413e-05	-7.425108e-06	-2.955641e-06
-1.917583e-05	-0.0002273986	5.912731e-06	2.509266e-05	2.069376e-05
-1.031078e-05	1.442073e-06	5.912478e-06	-6.496707e-05	-2.805035e-05
-1.622485e-05	-0.0001285101	0	4.875215e-05	8.798211e-06
-4.399096e-06	3.987962e-05	3.547927e-05	1.175403e-05	-4.398732e-06
3.100704e-05	8.86928e-06	2.956409e-06	-5.912827e-06	7.354975e-06
-2.213719e-05	-1.622464e-05	-1.182613e-05	1.622483e-05	7.427279e-06
2.949224e-05	-1.031137e-05	4.283115e-05	2.804836e-05	-1.514159e-06
1.773715e-05	1.33387e-05	-2.95613e-06	1.326646e-05	1.478036e-05
-6.056483e-05	-4.28302e-05	-5.610025e-05	-7.427389e-06	-1.03119e-05
1.03119e-05	-8.797562e-06	4.39879e-06	1.031184e-05	1.038385e-05
-1.038385e-05	4.139052e-05	-3.100668e-05	1.478237e-05	-4.470743e-06
1.478222e-05	1.326776e-05	-2.956387e-06	1.514248e-06	4.398518e-06
2.069441e-05	3.396097e-05	-8.868677e-06	2.956195e-05	1.031043e-05
0	-1.326658e-05	1.478069e-05	3.835668e-05	0.0001549979
7.972445e-05	2.955266e-05	4.130018e-05	3.394704e-05	-1.174799e-05
-2.219904e-05	-1.174839e-05	-1.513607e-06	-4.39668e-06	1.917227e-05
-8.865326e-06	-3.099322e-05	1.441566e-06	2.955205e-06	2.068619e-05
-1.326218e-05	-2.212804e-05	0	4.396816e-06	0
7.352011e-06	8.865588e-06	1.628941e-05	2.883054e-06	-5.838193e-06
-2.364143e-05	0	-2.803888e-05	-1.773193e-05	-1.441634e-06
1.765988e-05	-1.765988e-05	-1.182148e-05	7.352401e-06	-2.068778e-05
8.866242e-06	1.513741e-06	5.910776e-06	-2.515708e-05	5.910889e-06
1.513759e-06	-8.866334e-06	-8.866412e-06	-1.477753e-05	4.469324e-06
2.95551e-06	-3.986408e-05	-1.477823e-05	-2.508744e-05	4.130743e-05
-2.508703e-05	-2.364583e-05	1.477871e-05	4.469615e-06	-2.955711e-06
-0.0001240756	-9.596911e-05	-1.773835e-05	3.252007e-05	2.069404e-05
-1.478141e-05	-8.868952e-06	1.773783e-05	2.213579e-05	-1.182492e-05
3.547434e-05	3.100297e-05	-1.333837e-05	-3.691576e-05	2.660544e-05
-7.354279e-06	2.653283e-05	2.956021e-05	6.935491e-05	0.0001048884
2.061594e-05	-8.866242e-06	3.54645e-05	-1.182136e-05	1.182136e-05
1.030753e-05	1.917317e-05	4.468882e-06	3.243484e-05	7.423826e-06
-4.468704e-06	1.18204e-05	8.865208e-06	2.508163e-05	1.772974e-05
2.954925e-06	2.803532e-05	-5.909694e-06	-2.95486e-06	1.181939e-05
-1.181939e-05	4.468322e-06	-7.42319e-06	5.909729e-06	0
-1.441394e-06	7.351088e-06	-2.954843e-06	-7.35111e-06	0
1.477423e-05	0	1.765673e-05	2.803392e-05	8.864031e-06
8.863952e-06	1.037721e-05	-1.62865e-05	1.181855e-05	1.325967e-05
1.513321e-06	1.477277e-05	-1.628609e-05	7.422456e-06	-4.46788e-06
-4.395837e-06	7.350405e-06	0.0001195446	1.513131e-06	1.621197e-05
2.363298e-05	-1.037539e-05	-7.349298e-06	-5.908299e-06	1.621171e-05
1.51308e-06	2.802759e-05	-2.507348e-05	-1.037542e-05	5.461384e-05
-2.946805e-05	-1.923756e-05	-1.44103e-06	-1.325758e-05	1.765271e-05
-2.954106e-06	-4.395149e-06	-1.030346e-05	3.393616e-05	1.030311e-05
-3.249478e-05	8.862317e-06	2.363246e-05	2.21189e-05	5.907898e-06
2.211828e-05	-5.605315e-05	7.349049e-06	-2.356038e-05	-8.862304e-06
-1.477068e-05	-5.908334e-06	-2.363368e-05	-7.962368e-05	-0.000233215
-3.099372e-05	-1.477642e-05	-1.3335e-05	-7.965331e-05	-3.107011e-05
-2.883586e-06	5.839253e-06	-1.326453e-05	2.955698e-06	-2.660159e-05
1.038119e-05	1.441824e-06	-2.955741e-06	1.03811e-05	-1.03811e-05
5.911474e-06	1.513908e-06	1.917598e-05	-5.911352e-06	4.397472e-06
-0.0001151336	-1.031005e-05	-1.182424e-05	-1.47805e-05	-4.874113e-05
-1.917985e-05	2.069404e-05	-1.514183e-06	1.622327e-05	5.912417e-06
-2.357777e-05	1.182501e-05	-2.956278e-05	-5.912661e-06	1.478159e-05
1.622344e-05	5.912478e-06	-1.326707e-05	-7.426753e-06	-1.918003e-05
-1.622399e-05	-8.869227e-06	-1.514266e-06	-4.398596e-06	1.622423e-05
2.956387e-06	1.182546e-05	2.509259e-05	0.000110746	2.955903e-05
-6.495892e-05	-2.213458e-05	2.884012e-06	7.426293e-06	-3.691571e-05
-2.660611e-05	-7.354659e-06	4.398381e-06	7.426731e-06	0.0001062755
8.420488e-05	-8.867132e-06	-1.924844e-05	1.513935e-06	4.397609e-06
2.515972e-05	-1.477855e-05	-1.477877e-05	0	7.353367e-06
-3.099986e-05	-4.397732e-06	-1.038161e-05	-2.653126e-05	3.244303e-05
-4.397771e-06	-2.660332e-05	1.773563e-05	0	0
7.353704e-06	0	3.986767e-05	1.477875e-05	4.469628e-06
4.721824e-05	-1.621975e-05	5.911229e-06	-5.911229e-06	2.357262e-05
0	1.182215e-05	2.955514e-06	9.154454e-05	4.425553e-05
-1.03069e-05	-8.865457e-06	4.468777e-06	-4.576987e-05	-1.924559e-05
2.659775e-05	-8.865836e-06	1.629001e-05	-2.955248e-06	7.352065e-06
2.06864e-05	-1.477596e-05	4.872379e-05	2.65232e-05	-3.099185e-05
3.099185e-05	-1.44146e-06	-3.099189e-05	1.441505e-06	-2.356886e-05
-2.955157e-06	-2.803838e-05	-1.513663e-06	-2.068695e-05	-4.396933e-06
-2.803992e-05	-1.477714e-05	4.397122e-06	-1.326351e-05	-3.690808e-05
0	-4.873228e-05	-8.867224e-06	-1.917654e-05	3.691091e-05
-5.911422e-06	0	-3.8353e-05	1.030932e-05	-8.867446e-06
-1.441869e-06	2.061852e-05	-2.955776e-06	-4.397635e-06	1.917643e-05
-5.911491e-06	-3.835345e-05	-1.030954e-05	2.883799e-06	-1.441898e-06
-2.955898e-06	5.911788e-06	-2.508929e-05	-9.892139e-05	-8.868795e-06
2.5092e-05	-2.213572e-05	-1.182515e-05	7.354681e-06	-1.44209e-06
4.398368e-06	-7.354659e-06	-1.478159e-05	-1.622394e-05	2.653503e-05
1.629562e-05	8.868743e-06	-7.426665e-06	1.182496e-05	1.326686e-05
5.912347e-06	5.025354e-05	-1.333821e-05	-8.868206e-06	-5.912181e-06
-2.213494e-05	2.364904e-05	-2.956099e-06	1.326633e-05	1.478021e-05
7.353975e-06	-5.839917e-06	0	-7.426117e-06	1.917801e-05
-1.17519e-05	8.795912e-06	-5.8399e-06	-1.514054e-06	1.182398e-05
6.791307e-05	2.069022e-05	-7.42536e-06	3.395435e-05	4.577528e-05
5.910985e-06	-4.397193e-06	-2.955501e-06	-7.424834e-06	-2.955532e-06
3.099661e-05	1.333545e-05	1.326319e-05	1.773204e-05	1.917331e-05
-3.539163e-05	-5.910741e-06	-5.463996e-05	-5.464295e-05	-3.39551e-05
4.46974e-06	-4.13819e-05	-0.0001284823	-7.354703e-06	0
5.912609e-06	-7.426819e-06	-1.442107e-06	-2.213661e-05	-2.509355e-05
-3.100727e-05	-1.478287e-05	-5.026341e-05	1.514429e-06	-2.956785e-05
1.514472e-06	-1.478423e-05	-1.774136e-05	-2.214109e-05	-2.80557e-05
1.18282e-05	-1.478528e-05	2.214177e-05	-8.871075e-06	1.334264e-05
1.031338e-05	2.509785e-05	5.315056e-05	2.805255e-05	1.629752e-05
1.91817e-05	1.182613e-05	-3.54788e-05	-3.540794e-05	5.913429e-06
-5.913429e-06	-2.956728e-06	2.956728e-06	-1.478373e-05	0
-2.956772e-06	1.326935e-05	-7.355811e-06	-1.622624e-05	1.442344e-06
2.956798e-06	6.353298e-05	-1.038423e-05	2.069624e-05	2.213801e-05
1.334026e-05	-8.86945e-06	4.39868e-06	-8.869489e-06	-4.398719e-06
1.622469e-05	3.547707e-05	5.912722e-06	1.031113e-05	-2.956326e-06
1.326735e-05	2.956287e-06	4.470466e-06	-1.514188e-06	2.364991e-05
2.069321e-05	-1.182464e-05	1.031052e-05	-2.956152e-06	-7.354366e-06
2.509114e-05	-2.364911e-05	-2.213549e-05	2.213549e-05	-1.182476e-05
-2.357784e-05	0	-5.912574e-06	2.949042e-05	8.868586e-06
-2.949015e-05	-5.905503e-05	-3.843451e-05	-1.031195e-05	4.427573e-05
2.509352e-05	1.629603e-05	-1.182541e-05	3.396162e-05	1.326707e-05
1.182485e-05	1.478087e-05	2.357683e-05	0	-1.441992e-06
1.326625e-05	2.956042e-06	6.495863e-05	4.28228e-05	-7.35328e-06
-5.9115e-06	-1.47789e-05	7.353433e-06	1.629271e-05	8.867158e-06
1.175067e-05	-1.9176e-05	1.038104e-05	2.357321e-05	0
4.469476e-06	-1.038075e-05	-2.508726e-05	5.904056e-05	1.513815e-06
2.955536e-06	1.441722e-06	1.629131e-05	2.948227e-05	5.910767e-06
2.803963e-05	0	-1.030753e-05	-1.182136e-05	4.872617e-05
-1.182092e-05	8.865705e-06	-8.865705e-06	-1.917326e-05	8.865875e-06
-1.51368e-06	1.621789e-05	3.841732e-05	1.773057e-05	2.65232e-05
-5.607433e-05	2.955152e-06	-1.182066e-05	0	1.773094e-05
0	1.326196e-05	-1.326196e-05	1.441526e-06	0
2.955122e-06	1.03789e-05	1.441505e-06	-1.441505e-06	-2.955091e-06
8.865247e-06	1.326169e-05	-1.773034e-05	-1.326192e-05	-1.5136e-06
-7.351804e-06	2.955144e-06	2.955135e-06	-4.396667e-06	7.351793e-06
1.182042e-05	-4.468678e-06	-3.834496e-05	-1.182092e-05	3.841749e-05
1.326198e-05	-5.910209e-06	2.955109e-06	-5.910226e-06	7.351739e-06
-1.91723e-05	1.513616e-06	-7.423946e-06	0	-2.955178e-06
1.182066e-05	5.463271e-05	0.0003172864	-1.325728e-05	-8.862304e-06
5.908211e-06	0.000126874	1.181482e-05	-5.756254e-05	-1.030253e-05
-4.870431e-05	-8.264425e-05	-1.772581e-05	-8.265255e-05	1.772728e-05
-5.015604e-05	1.477323e-05	-8.863913e-06	2.507818e-05	-2.507818e-05
-1.772806e-05	1.181874e-05	5.015604e-05	-2.212311e-05	-1.030507e-05
2.954611e-06	-1.333185e-05	5.909275e-06	-5.909275e-06	-1.765597e-05
-4.727629e-05	-2.508041e-05	7.351218e-06	-1.621599e-05	-1.621626e-05
1.326131e-05	4.468447e-06	5.909851e-06	-4.46842e-06	6.349294e-05
2.947492e-05	-1.765602e-05	1.174669e-05	4.136456e-05	3.098627e-05
1.916777e-05	-8.863246e-06	-3.242718e-05	2.95452e-06	4.395733e-06
2.954459e-05	1.181759e-05	-4.467609e-06	-2.212217e-05	7.083244e-05
2.658789e-05	2.954167e-06	2.651506e-05	-1.91657e-05	-1.030352e-05
8.790421e-06	-1.441047e-06	1.325756e-05	4.467181e-06	2.954093e-06
2.060635e-05	-1.325719e-05	-1.181634e-05	2.658656e-05	2.36319e-05
2.953949e-06	7.34881e-06	2.067724e-05	1.440907e-06	8.861533e-06
-5.90768e-06	0	3.544555e-05	-1.037418e-05	1.628165e-05
-1.512885e-06	1.030198e-05	0	1.476839e-05	5.907296e-06
4.466469e-06	-2.953631e-06	-1.772197e-05	4.394501e-06	-1.030189e-05
-4.394546e-06	8.789073e-06	-4.394527e-06	-3.983979e-05	-2.658475e-05
-2.507245e-05	8.861886e-06	-8.861886e-06	-1.772401e-05	-1.765227e-05
-3.393646e-05	-1.332992e-05	-3.098375e-05	-5.90159e-05	-1.181801e-05
2.954516e-06	-1.325936e-05	-5.909118e-06	-5.311157e-05	-2.954768e-05
-2.21253e-05	5.909737e-06	3.689903e-05	1.772835e-05	-1.47736e-05
1.326022e-05	3.545581e-05	2.954594e-06	5.837099e-06	1.037698e-05
8.863586e-06	-2.507767e-05	1.621408e-05	5.909066e-06	-8.863612e-06
2.954546e-06	2.212279e-05	1.77267e-05	-2.954428e-06	2.954428e-06
-7.422117e-06	0	1.923974e-05	3.242569e-05	2.954289e-06
-4.395408e-06	-4.467484e-06	-1.181731e-05	-5.908709e-06	1.037625e-05
1.441137e-06	-1.325854e-05	7.349862e-06	1.923909e-05	-7.421777e-06
5.908604e-06	-7.349732e-06	-4.467511e-06	1.513191e-06	-1.916726e-05
-1.923969e-05	1.037651e-05	2.954402e-06	2.954393e-06	-1.333087e-05
7.422073e-06	3.393907e-05	-2.363473e-05	7.349884e-06	3.545162e-05
-5.908517e-06	1.325809e-05	5.46157e-05	2.954062e-06	-2.954062e-06
3.544817e-05	2.355937e-05	-1.469752e-05	-1.512993e-06	-5.907898e-06
-1.621087e-05	-5.605563e-05	1.325766e-05	5.908246e-06	4.395136e-06
1.037533e-05	1.621123e-05	-1.030311e-05	-4.575285e-05	-6.938981e-05
-2.954398e-06	1.772626e-05	7.349819e-06	2.068008e-05	5.908517e-06
3.833245e-05	2.954132e-06	1.037542e-05	1.441022e-06	-2.507408e-05
7.349363e-06	-2.882097e-06	2.882097e-06	8.862396e-06	7.421295e-06
-2.067889e-05	4.395201e-06	9.740999e-05	2.067679e-05	-2.95384e-05
-5.907784e-06	1.772325e-05	-1.440903e-06	-2.514409e-05	2.953923e-06
7.420792e-06	1.772322e-05	-5.907706e-06	-2.802605e-05	-4.575116e-05
-5.908176e-06	3.098151e-05	-0.0001696896	8.113755e-05	-2.068008e-05
-3.538051e-05	1.621322e-05	0	8.863115e-06	-1.916749e-05
-1.333099e-05	-1.441198e-06	-5.908935e-06	3.545309e-05	1.469969e-05
2.068008e-05	2.954263e-06	1.441101e-06	1.923849e-05	1.441071e-06
0	-1.441071e-06	8.862552e-06	-2.363365e-05	2.954236e-06
-2.954236e-06	4.395324e-06	1.181684e-05	2.802841e-05	1.51308e-06
4.395123e-06	-2.954097e-06	2.954097e-06	-1.621162e-05	-2.954145e-06
1.181653e-05	3.53767e-05	2.219085e-05	2.060535e-05	6.195759e-05
1.51287e-06	-0.000156414	-5.908334e-06	-1.325785e-05	1.181679e-05
-2.954184e-06	-1.181682e-05	-2.954228e-06	-1.916667e-05	-3.098448e-05
1.44116e-06	1.477177e-05	-2.803052e-05	-4.467662e-06	1.923963e-05
-5.613463e-05	-8.863651e-06	-8.791667e-06	1.030498e-05	1.916842e-05
-1.772717e-05	5.909092e-06	-2.954542e-06	-1.765537e-05	-4.467939e-06
-1.030516e-05	-1.477332e-05	-1.477354e-05	-3.538531e-05	1.030583e-05
1.181914e-05	-7.422982e-06	-4.396161e-06	-2.954808e-06	5.909607e-06
-2.954799e-06	1.441366e-06	2.363811e-05	-2.363811e-05	-4.396174e-06
0	0	1.772872e-05	-2.212491e-05	-3.099011e-05
7.351229e-06	-1.772953e-05	-2.363986e-05	-2.212684e-05	-2.955087e-06
3.099194e-05	2.954995e-06	-1.765803e-05	-2.955047e-06	1.470308e-05
2.659472e-05	-2.954934e-06	-8.864855e-06	-1.441447e-06	8.864868e-06
2.061232e-05	-4.396297e-06	-2.068448e-05	1.181975e-05	4.396336e-06
-1.03062e-05	2.363923e-05	-1.91708e-05	-2.219822e-05	-1.030648e-05
-1.477522e-05	-7.351652e-06	-1.477554e-05	1.441526e-06	1.77306e-05
-1.182037e-05	4.468691e-06	-4.468691e-06	8.865287e-06	-2.508248e-05
-5.910331e-06	1.477576e-05	-1.621731e-05	2.508266e-05	-1.182049e-05
-1.773099e-05	8.865535e-06	3.250629e-05	-1.924417e-05	-1.030696e-05
3.394769e-05	5.910095e-06	1.621655e-05	1.513531e-06	7.351403e-06
-2.954969e-06	1.628826e-05	-1.477474e-05	-1.513522e-06	-1.441452e-06
1.477478e-05	1.44143e-06	4.46842e-06	-8.864789e-06	0
5.909868e-06	-1.037833e-05	-1.441443e-06	1.917102e-05	2.954899e-06
-1.513484e-06	-1.32611e-05	-2.954943e-06	2.068442e-05	-7.423278e-06
-1.326114e-05	3.099043e-05	2.363857e-05	4.396135e-06	0
2.219658e-05	2.947457e-05	5.909223e-06	-1.477312e-05	7.422621e-06
2.65192e-05	1.33314e-05	2.954502e-06	1.621358e-05	1.916771e-05
2.954389e-06	-5.908787e-06	0	-1.772657e-05	3.249847e-05
-1.47719e-05	1.91674e-05	1.62848e-05	6.045319e-05	0
1.513084e-06	-2.802845e-05	-3.24967e-05	-7.349732e-06	-6.643826e-05
-0.0001313763	-7.35124e-06	1.62159e-05	-3.834202e-05	-8.864999e-06
1.181998e-05	2.068463e-05	1.47024e-05	-1.765732e-05	0
-2.219822e-05	8.864934e-06	-2.803652e-05	-1.441488e-06	3.099153e-05
-2.954965e-06	1.441447e-06	7.42342e-06	1.917091e-05	-1.917091e-05
1.030621e-05	-2.363958e-05	-2.212658e-05	2.955043e-06	-1.773039e-05
7.423738e-06	-2.955074e-06	-5.910174e-06	-8.865326e-06	1.326192e-05
-2.955087e-06	1.513582e-06	2.955082e-06	-1.513578e-06	0
-5.910183e-06	-5.910217e-06	-1.174846e-05	8.793341e-06	2.219924e-05
1.470312e-05	1.182e-05	-1.182e-05	2.955013e-06	5.909999e-06
-5.909999e-06	-1.441469e-06	-1.513544e-06	-5.837978e-06	7.351522e-06
4.396473e-06	9.448345e-05	2.068283e-05	-1.621473e-05	-1.037756e-05
7.422851e-06	-2.95472e-06	2.95472e-06	2.954712e-06	-2.068316e-05
2.954764e-06	-6.053837e-05	-4.281149e-05	-1.477543e-05	0
-2.356907e-05	-6.941306e-05	-2.948219e-05	2.212974e-05	-1.477714e-05
-2.068836e-05	-8.866569e-06	-2.357248e-05	-1.629201e-05	-1.766199e-05
-4.469615e-06	-3.244135e-05	4.397667e-06	-1.441856e-06	1.441856e-06
2.955798e-06	1.030918e-05	2.364583e-05	6.646485e-05	-7.424812e-06
5.16842e-05	1.326302e-05	2.955322e-06	3.546319e-05	-2.955218e-06
4.721036e-05	-7.351696e-06	3.985708e-05	7.351403e-06	1.513517e-06
7.351338e-06	7.423355e-06	1.030612e-05	-2.954891e-06	-1.477458e-05
-1.326128e-05	1.030633e-05	-2.652281e-05	-1.628881e-05	0
5.91013e-06	0	4.468612e-06	1.441483e-06	-1.91719e-05
-8.865326e-06	-7.351793e-06	1.621712e-05	8.865247e-06	2.35682e-05
1.924335e-05	1.174763e-05	-5.837762e-06	5.837762e-06	-1.765753e-05
-4.468487e-06	-1.441452e-06	-2.068506e-05	8.865077e-06	0
2.955008e-06	-1.182009e-05	1.917153e-05	-2.061302e-05	4.396518e-06
-2.212693e-05	4.396596e-06	4.468651e-06	1.182021e-05	2.95503e-06
1.441475e-06	-2.955026e-06	-2.955074e-05	-4.396648e-06	0
-1.917249e-05	-8.865601e-06	1.441566e-06	-4.396784e-06	-2.955226e-06
7.352011e-06	-2.955213e-06	1.037925e-05	7.351902e-06	2.955161e-06
-1.77311e-05	-2.803884e-05	2.508363e-05	-8.793614e-06	-1.513663e-06
5.463456e-05	0	2.955082e-06	1.621676e-05	-2.068542e-05
1.03788e-05	2.356813e-05	1.513531e-06	2.068469e-05	8.792666e-06
-7.35124e-06	-7.351294e-06	0	-1.037839e-05	-4.396434e-06
0	-4.468526e-06	0	-4.396473e-06	-1.477517e-05
-5.91013e-06	-2.652394e-05	1.030694e-05	-5.910261e-06	5.910261e-06
2.659574e-05	8.793016e-06	-4.396499e-06	-2.955035e-06	-1.182023e-05
-2.803756e-05	0	2.955152e-06	2.068582e-05	-8.8653e-06
-5.910243e-06	-7.351815e-06	8.793341e-06	0	1.5136e-06
1.917207e-05	2.364024e-05	4.87202e-05	3.098942e-05	1.32603e-05
1.62148e-05	1.477325e-05	7.422577e-06	0	-4.136535e-05
8.864148e-06	-6.197862e-05	7.351153e-06	1.513466e-06	-5.909737e-06
-1.3261e-05	1.174753e-05	-2.508078e-05	-1.917136e-05	2.955008e-06
-1.51354e-06	8.864986e-06	1.181986e-05	-1.477485e-05	1.924329e-05
7.351272e-06	1.44142e-06	1.772929e-05	1.628761e-05	-3.841324e-05
-7.351294e-06	-1.628835e-05	-1.174796e-05	-1.628881e-05	2.95503e-05
-1.917156e-05	-4.2813e-05	-5.910357e-06	-1.037925e-05	1.18208e-05
-3.394914e-05	7.42422e-06	-8.865823e-06	-3.099496e-05	4.397018e-06
1.513723e-06	4.274371e-05	3.106553e-05	2.955139e-06	0
2.947884e-05	-1.621686e-05	-7.423804e-06	-1.470362e-05	8.865443e-06
7.351772e-06	0	0	-8.865378e-06	2.955135e-06
-1.441528e-06	1.470349e-05	1.18203e-05	2.955052e-06	7.423629e-06
-1.513551e-06	2.955026e-06	1.326147e-05	-1.441456e-06	3.690061e-05
5.909737e-06	1.441394e-06	1.037798e-05	-1.513448e-06	-4.396219e-06
2.652116e-05	-7.350904e-06	1.916989e-05	-1.030557e-05	5.909502e-06
-2.954747e-06	1.441341e-06	-1.441341e-06	1.477365e-05	1.621473e-05
-1.513363e-06	1.181859e-05	1.916887e-05	-5.837099e-06	2.060985e-05
-1.772733e-05	1.037701e-05	8.863612e-06	1.325924e-05	8.863416e-06
-8.863416e-06	-1.441213e-06	2.954485e-06	-1.628581e-05	1.513294e-06
-4.467827e-06	-2.803247e-05	-5.909258e-06	4.467979e-06	0
-1.333193e-05	7.422665e-06	8.863886e-06	4.395882e-06	-1.441271e-06
4.395869e-06	1.181831e-05	4.395798e-06	-2.95455e-06	-1.174623e-05
-2.659166e-05	-2.803371e-05	4.396083e-06	0	1.621489e-05
5.909363e-06	3.250087e-05	2.954572e-06	-3.985143e-05	-1.513377e-06
-5.837332e-06	-1.628706e-05	-4.396109e-06	-2.954773e-06	1.916983e-05
-2.954725e-06	-8.864227e-06	-1.917006e-05	-2.508018e-05	5.909755e-06
1.441398e-06	-4.576541e-05	-3.690214e-05	-5.910235e-06	1.037893e-05
-1.037893e-05	-8.793341e-06	2.955148e-06	7.351793e-06	0
1.441522e-06	-2.803797e-05	-2.508348e-05	-2.803946e-05	3.690524e-05
1.917289e-05	2.955187e-06	1.182066e-05	2.955144e-06	-1.182063e-05
-4.396732e-06	-4.46883e-06	-1.030722e-05	0	-1.030732e-05
0	2.955257e-06	-5.910522e-06	4.281446e-05	-5.910304e-06
2.212742e-05	1.441509e-06	2.508192e-05	1.333353e-05	-4.468513e-06
1.037845e-05	-4.468487e-06	-1.181996e-05	-4.396486e-06	-1.441475e-06
0	-7.423629e-06	5.167596e-05	-1.621602e-05	7.351294e-06
1.62159e-05	-2.954878e-06	3.250317e-05	7.350904e-06	2.659252e-05
-2.363776e-05	0	1.924176e-05	-1.772835e-05	-1.62873e-05
-2.061174e-05	1.441394e-06	-5.909729e-06	-2.50807e-05	1.326114e-05
5.909799e-06	-5.909799e-06	-1.174763e-05	7.351294e-06	4.396336e-06
-1.326114e-05	2.50807e-05	1.51347e-06	-1.51347e-06	8.86458e-06
-2.954851e-06	7.423147e-06	-2.954838e-06	4.396219e-06	1.326061e-05
8.864332e-06	2.95476e-06	7.422895e-06	1.441332e-06	8.864148e-06
1.326004e-05	1.513363e-06	1.441296e-06	-1.470132e-05	4.396005e-06
2.954681e-06	1.181864e-05	-2.507874e-05	7.35073e-06	-1.441315e-06
1.441315e-06	-1.772832e-05	-1.030563e-05	4.396122e-06	4.46817e-06
0	5.909484e-06	1.181886e-05	-4.468091e-06	-1.477367e-05
7.422895e-06	-5.909484e-06	-6.644807e-05	-1.441439e-06	-5.023544e-05
1.9244e-05	-1.037874e-05	-1.326188e-05	2.955069e-05	-1.924389e-05
4.468651e-06	-1.182035e-05	-2.955109e-06	-6.350091e-05	-3.09951e-05
7.424494e-06	-1.477696e-05	-5.910845e-06	1.326331e-05	2.068753e-05
2.955327e-06	1.030753e-05	-5.910601e-06	-1.182131e-05	-4.130359e-05
-8.866438e-06	-1.62193e-05	-2.955545e-06	-1.182227e-05	-1.182241e-05
0	-7.353031e-06	1.441775e-06	-2.213148e-05	1.773405e-05
2.364492e-05	-1.182239e-05	1.621971e-05	2.955562e-06	0
2.804136e-05	5.759406e-05	5.910592e-06	1.477633e-05	3.243508e-05
8.865404e-06	2.955078e-05	-1.182021e-05	-1.773057e-05	-1.182056e-05
1.182056e-05	4.396635e-06	-1.470358e-05	-1.182068e-05	-1.513634e-06
0	-2.955196e-06	1.182073e-05	-3.099368e-05	0
-7.35213e-06	1.441598e-06	2.95527e-06	1.477622e-05	-8.865705e-06
-5.910514e-06	8.865758e-06	0	-1.621791e-05	-5.910592e-06
1.326274e-05	-1.917337e-05	2.955318e-06	-8.86598e-06	-1.477681e-05
5.91075e-06	-4.397018e-06	0	1.621841e-05	-3.395084e-05
1.441673e-06	8.858681e-05	1.037906e-05	-5.463545e-05	1.182111e-05
-1.037951e-05	1.477635e-05	-2.212857e-05	-5.910645e-06	-1.182139e-05
0	1.477672e-05	1.44162e-06	-1.44162e-06	-1.773209e-05
0	1.513727e-06	1.326304e-05	-5.91068e-06	2.364251e-05
-1.51368e-06	-1.03075e-05	-5.910645e-06	4.396946e-06	1.03796e-05
1.030741e-05	1.773138e-05	-4.468856e-06	-5.910453e-06	1.773125e-05
0	2.955178e-06	-5.910366e-06	-1.030718e-05	1.4776e-05
2.803776e-05	-3.250658e-05	-4.396758e-06	1.441562e-06	5.910383e-06
-5.910383e-06	-1.030722e-05	7.352011e-06	2.5155e-05	1.030688e-05
5.910191e-06	-1.182042e-05	-4.396654e-06	-8.865443e-06	-2.219999e-05
7.424078e-06	-7.424078e-06	1.333447e-05	-1.62897e-05	1.037931e-05
-1.513643e-06	-8.865666e-06	-4.396823e-06	1.621769e-05	0
-1.621769e-05	-3.986061e-05	-1.477694e-05	-1.030795e-05	7.352531e-06
8.866216e-06	4.46912e-06	4.397018e-06	-1.62186e-05	-2.955418e-06
-2.955427e-06	-5.91088e-06	-1.182187e-05	-3.243876e-05	8.794613e-06
-4.397297e-06	7.352846e-06	8.866596e-06	2.21301e-05	8.866321e-06
2.955423e-06	-1.441669e-06	-1.513754e-06	-5.910872e-06	1.513763e-06
4.425854e-05	-4.872775e-05	-1.441686e-06	-1.77329e-05	1.038027e-05
1.030808e-05	1.917419e-05	2.955388e-06	1.917377e-05	2.955322e-06
1.513698e-06	-4.469021e-06	1.513703e-06	1.47765e-05	1.441598e-06
-7.352173e-06	2.955292e-06	3.0994e-05	-2.068658e-05	-5.910531e-06
1.182103e-05	8.865679e-06	0	-1.513647e-06	7.424056e-06
-2.212817e-05	-1.182111e-05	-1.182125e-05	-3.250917e-05	1.037998e-05
2.508451e-05	2.803913e-05	2.803834e-05	2.508248e-05	4.468651e-06
-1.773057e-05	2.955078e-05	9.44125e-05	2.068307e-05	1.181871e-05
-7.379714e-05	1.477428e-05	1.326063e-05	-7.350979e-06	2.652093e-05
1.477358e-05	0	1.181871e-05	1.77278e-05	5.909197e-06
2.356438e-05	1.62137e-05	2.068109e-05	8.863193e-06	4.467596e-06
5.605943e-05	4.719413e-05	5.908116e-06	-1.441001e-06	8.790071e-06
4.135553e-05	2.953901e-06	2.211796e-05	1.030233e-05	-5.907619e-06
2.953814e-06	1.92356e-05	-4.46666e-06	1.037415e-05	1.620939e-05
-5.907392e-06	5.460603e-05	3.688259e-05	1.181367e-05	-8.860238e-06
8.860238e-06	7.347455e-06	2.211407e-05	1.037256e-05	1.916013e-05
3.39255e-05	7.346772e-06	-5.906224e-06	5.459523e-05	0.0001121342
0.000249214	5.010893e-05	5.896117e-05	-9.733459e-05	-7.343674e-06
-5.903777e-06	-8.855731e-06	-5.162399e-05	8.856188e-06	-1.764045e-05
2.800857e-05	-3.981705e-05	-3.542627e-05	-6.927206e-05	1.440216e-06
-2.210755e-05	-7.345288e-06	7.345288e-06	-2.952511e-06	8.857507e-06
-2.952494e-06	2.952494e-06	1.325011e-05	5.904883e-06	-1.915499e-05
1.180989e-05	8.857324e-06	1.324983e-05	2.952385e-06	2.952376e-06
-1.771439e-05	-1.77147e-05	-1.469048e-05	-2.362044e-05	1.0298e-05
2.952555e-06	0	-5.905118e-06	-8.857743e-06	5.90517e-06
1.332251e-05	-1.036994e-05	1.51229e-06	-6.935164e-05	-0.0001150205
-3.09721e-05	1.620645e-05	3.536516e-05	4.465573e-06	-1.512531e-06
-1.440507e-06	-2.953047e-06	7.346588e-06	-2.059939e-05	-1.037188e-05
7.418788e-06	1.029978e-05	4.39358e-06	-5.834103e-06	0
1.440522e-06	-7.346685e-06	-2.51376e-05	1.627829e-05	0
-1.771886e-05	0	-8.859546e-06	1.181271e-05	0
8.859441e-06	-7.418876e-06	1.037201e-05	-4.465711e-06	0
1.512582e-06	4.393677e-06	-1.476571e-05	2.95316e-06	1.332513e-05
-2.953121e-06	-1.512577e-06	1.037191e-05	4.393625e-06	-1.771867e-05
-7.346859e-06	-7.346913e-06	-1.627865e-05	-1.325361e-05	-1.476645e-05
-3.241493e-05	-1.18137e-05	5.013524e-05	3.983268e-05	4.393742e-06
-1.440569e-06	4.393729e-06	1.923134e-05	-7.418788e-06	3.39243e-05
1.923046e-05	0	1.440469e-06	5.459225e-05	6.632774e-05
3.54306e-05	5.904979e-06	1.771473e-05	2.952424e-06	0
2.059471e-05	1.036921e-05	2.801072e-05	-2.361824e-05	-1.915423e-05
-4.27743e-05	7.345212e-06	7.417169e-06	-2.952498e-05	-7.345374e-06
1.181018e-05	1.029779e-05	0	0	-8.857533e-06
-1.325044e-05	5.905109e-06	1.17381e-05	2.952507e-06	-2.952507e-06
-1.029784e-05	4.464809e-06	2.059547e-05	1.771465e-05	5.904813e-06
-1.324987e-05	1.029747e-05	1.771428e-05	2.059426e-05	-1.468957e-05
8.856971e-06	7.344746e-06	-1.029706e-05	1.764175e-05	1.476123e-05
7.416535e-06	1.764105e-05	-2.952154e-06	1.51208e-06	1.32486e-05
0	-2.649738e-05	1.029662e-05	3.535332e-05	-1.44003e-06
-1.029627e-05	-1.922479e-05	-7.07821e-05	-3.686916e-05	5.904918e-06
2.801188e-05	-2.2107e-05	-1.620251e-05	-4.277588e-05	-1.325081e-05
-4.464987e-06	7.417629e-06	2.650137e-05	-1.440274e-06	-1.332263e-05
-1.029815e-05	7.345548e-06	1.512312e-06	1.62032e-05	-2.80137e-05
1.620339e-05	5.90517e-06	-1.440282e-06	-1.512299e-06	-1.764365e-05
1.029817e-05	2.952603e-06	-1.512308e-06	-2.210876e-05	-8.858043e-06
-4.393042e-06	1.440344e-06	-4.393055e-06	-2.95272e-06	-1.512372e-06
7.417804e-06	3.240724e-05	2.808542e-05	3.53577e-05	4.464631e-06
2.210683e-05	2.801089e-05	-2.952267e-06	-2.361845e-05	1.512174e-06
8.856971e-06	-4.46448e-06	-1.180937e-05	8.857037e-06	-2.952337e-06
-2.952346e-06	-7.344898e-06	5.162917e-05	-1.180895e-05	-4.464394e-06
0	4.464394e-06	1.620126e-05	4.464302e-06	1.915307e-05
-1.512071e-06	-8.856463e-06	-3.39145e-05	1.512136e-06	-5.904543e-06
1.771353e-05	-2.505825e-05	-1.771397e-05	-2.801175e-05	-8.85735e-06
-3.687046e-05	-2.952576e-06	7.345418e-06	8.857638e-06	-2.952537e-06
-4.392815e-06	-2.952559e-06	1.029791e-05	1.915527e-05	2.952472e-06
-1.476245e-05	1.036974e-05	1.440233e-06	-1.325023e-05	5.905014e-06
2.210748e-05	7.41706e-06	5.832795e-06	-1.469007e-05	-7.417125e-06
1.62744e-05	-4.464631e-06	-3.240518e-05	4.392764e-06	1.440246e-06
-4.392757e-06	2.80125e-05	1.029746e-05	-2.505973e-05	-1.180998e-05
-1.17381e-05	-8.857677e-06	4.392841e-06	-8.857716e-06	2.066788e-05
-8.857612e-06	-1.771546e-05	-1.440295e-06	2.362058e-05	8.78556e-06
-1.44025e-06	1.180999e-05	1.440233e-06	-5.90497e-06	0
3.39171e-05	-2.952398e-06	2.657127e-05	2.95232e-06	-1.440155e-06
1.324935e-05	1.029692e-05	-5.904517e-06	0	-8.856841e-06
-5.746336e-05	-4.868082e-05	-7.345537e-06	4.716893e-05	-1.325028e-05
-1.036991e-05	2.362019e-05	1.476234e-05	7.345082e-06	-1.77147e-05
2.952472e-06	-1.764295e-05	-7.417333e-06	-1.181024e-05	-7.345461e-06
-4.464915e-06	-7.957964e-05	-1.92297e-05	-2.952907e-06	-1.76456e-05
2.506387e-05	-1.476456e-05	-7.346349e-06	-2.95296e-06	-2.067096e-05
-1.512526e-06	-1.620578e-05	-1.181238e-05	1.915903e-05	-1.469336e-05
1.469336e-05	-7.346653e-06	1.512551e-06	1.440522e-06	0
-2.953073e-06	2.657734e-05	-8.859036e-06	-3.839006e-05	-3.097242e-05
1.037227e-05	9.435386e-05	9.297666e-05	-2.95265e-06	0
0	4.392965e-06	-1.440314e-06	-7.41765e-06	-1.029838e-05
0	1.771603e-05	1.440314e-06	1.915598e-05	-1.029809e-05
-1.02982e-05	-1.627569e-05	-1.44034e-06	-2.657464e-05	-2.952781e-06
-1.181121e-05	-3.687493e-05	-7.346339e-06	8.858814e-06	-1.476473e-05
2.952964e-06	-1.771792e-05	2.952968e-05	-3.838876e-05	2.953034e-06
-4.393541e-06	-1.029969e-05	-3.39249e-05	5.8343e-06	-3.241321e-05
-4.134638e-05	2.953369e-06	-3.832245e-05	-2.953522e-05	3.097594e-05
-1.174193e-05	-7.419817e-06	-8.860631e-06	-7.3479e-06	3.832375e-05
1.332652e-05	-1.332652e-05	3.392826e-05	2.218601e-05	-2.953304e-06
1.46944e-05	3.983227e-05	-5.452667e-05	2.211355e-05	2.362566e-05
3.687797e-05	5.834085e-06	4.465573e-06	2.506446e-05	3.096959e-05
-2.952873e-06	2.801593e-05	8.858344e-06	1.771645e-05	1.029844e-05
-4.393029e-06	1.029838e-05	4.465e-06	-1.476338e-05	2.952694e-06
-1.915666e-05	1.440363e-06	1.325124e-05	-1.764436e-05	7.345851e-06
-2.210973e-05	5.90558e-06	2.952777e-06	1.440376e-06	-1.440376e-06
-1.512397e-06	-1.771682e-05	1.922921e-05	-4.465178e-06	0
-1.181121e-05	-1.764506e-05	0	2.952868e-06	5.90571e-06
5.833655e-06	2.066959e-05	-3.83147e-05	-3.982868e-05	-4.46552e-06
8.858997e-06	8.858918e-06	2.211094e-05	-1.029917e-05	2.067026e-05
-6.345257e-05	-2.211212e-05	0	-3.543803e-05	0
1.332542e-05	1.469377e-05	-8.110655e-05	8.860094e-06	1.325398e-05
1.512671e-06	-8.859964e-06	1.181327e-05	2.953295e-06	8.787802e-06
0	-2.953269e-06	0	8.859781e-06	-1.440609e-06
-2.953256e-06	-1.512647e-06	-1.440618e-06	1.916005e-05	-1.476617e-05
2.067258e-05	5.906372e-06	1.771891e-05	1.620604e-05	1.476528e-05
-2.953038e-06	1.18121e-05	-1.512517e-06	1.03715e-05	-1.332452e-05
-1.469319e-05	8.787128e-06	-8.787128e-06	1.440518e-06	-1.476541e-05
1.512564e-06	-5.906215e-06	0	1.18124e-05	-5.906181e-06
1.440535e-06	-1.620614e-05	-1.62064e-05	3.536563e-05	-5.90619e-06
5.90619e-06	4.465632e-06	-1.512551e-06	4.465619e-06	2.506472e-05
-1.627759e-05	4.46556e-06	-2.067139e-05	-3.097187e-05	-8.859572e-06
1.915963e-05	7.418854e-06	2.953121e-06	8.851755e-05	1.029893e-05
2.95282e-06	3.982621e-05	1.476338e-05	1.915606e-05	4.39288e-06
8.857716e-06	7.417377e-06	-7.417377e-06	-1.32506e-05	5.905179e-06
7.345418e-06	-1.47629e-05	-2.059642e-05	4.392977e-06	-2.801456e-05
1.440357e-06	-1.440357e-06	5.905449e-06	-4.465092e-06	1.33232e-05
1.325101e-05	0	1.771575e-05	1.771543e-05	5.905074e-06
4.392777e-06	0	4.392757e-06	-8.785534e-06	1.440257e-06
4.716726e-05	-3.240475e-05	-3.838298e-05	7.417465e-06	-1.915589e-05
-5.314873e-05	-5.603248e-05	1.325218e-05	1.512466e-06	-2.952912e-06
-5.90585e-06	5.90585e-06	7.346252e-06	-5.905806e-06	2.506343e-05
-1.17394e-05	-1.512448e-06	5.905737e-06	-1.915776e-05	7.346252e-06
1.62768e-05	2.059769e-05	-2.801585e-05	2.952864e-06	-4.393288e-06
-2.362326e-05	-1.512484e-06	5.905876e-06	5.905841e-06	4.465369e-06
-2.952903e-06	-5.905832e-06	-1.029928e-05	5.83387e-06	2.362323e-05
3.687416e-05	2.952755e-06	-2.952755e-06	-4.393139e-06	-4.465178e-06
1.476382e-05	0	-7.345873e-06	1.620406e-05	-5.905449e-06
-3.248059e-05	2.808749e-05	-4.465138e-06	1.181097e-05	2.95272e-06
1.181079e-05	-5.905379e-06	-7.417782e-06	-4.393081e-06	1.771624e-05
2.059654e-05	-2.354922e-05	5.905362e-06	7.345645e-06	-4.392977e-06
0	5.90531e-06	0	-5.314904e-05	-3.39218e-05
-3.096995e-05	-2.650528e-05	-1.332493e-05	-1.620623e-05	2.801861e-05
1.02997e-05	-1.440512e-06	4.422276e-05	-2.952925e-06	8.858749e-06
1.512461e-06	-7.418285e-06	0	1.037118e-05	3.536203e-05
7.417946e-06	1.440371e-06	1.325132e-05	-1.029857e-05	-2.952755e-06
1.02986e-05	4.465092e-06	1.62038e-05	-1.029838e-05	-4.465066e-06
4.868255e-05	-1.476295e-05	7.417508e-06	1.325056e-05	-8.85769e-06
-1.440282e-06	7.345418e-06	-2.952563e-06	-4.392854e-06	5.905144e-06
2.952559e-06	-1.92278e-05	-1.440299e-06	2.657319e-05	4.39279e-06
-1.440257e-06	-1.512272e-06	1.512272e-06	0	2.952524e-06
2.210765e-05	-4.464697e-06	-1.180994e-05	1.180994e-05	-1.180994e-05
1.332218e-05	0	-1.915519e-05	4.392764e-06	7.345234e-06
1.512247e-06	1.915493e-05	0	-2.952468e-05	-1.469065e-05
-1.627519e-05	-4.126527e-05	-2.952729e-06	-2.952738e-06	7.345819e-06
-1.915686e-05	2.952772e-06	4.465152e-06	3.982539e-05	1.44031e-06
-7.345602e-06	8.857925e-06	5.897882e-05	-1.476238e-05	2.952494e-06
7.34519e-06	-5.904953e-06	4.464724e-06	-2.066752e-05	-5.905083e-06
1.620289e-05	0	-5.83301e-06	-8.857598e-06	1.17381e-05
2.952468e-05	5.904831e-06	-1.18097e-05	1.512225e-06	2.952433e-06
4.392628e-06	5.904813e-06	0	8.857155e-06	2.210654e-05
0	1.512156e-06	5.83258e-06	3.247461e-05	2.361723e-05
-1.512062e-06	-2.800957e-05	-3.391495e-05	-1.324946e-05	5.904674e-06
1.440159e-06	-1.440159e-06	7.344789e-06	0	-1.029712e-05
0	1.440163e-06	5.011639e-05	1.922502e-05	2.952124e-06
1.764056e-05	1.476023e-05	-1.180816e-05	4.464078e-06	-4.867393e-05
-3.391475e-05	-2.066624e-05	5.904683e-06	-1.620196e-05	-7.525253e-05
-2.059642e-05	-4.277853e-05	-4.724575e-05	2.513559e-05	1.325175e-05
-1.512419e-06	2.657503e-05	-2.657503e-05	1.476399e-05	-2.952781e-06
-1.620444e-05	0	0	4.39323e-06	8.858422e-06
5.905571e-06	-1.620439e-05	-1.181137e-05	-3.096949e-05	-2.952955e-06
-1.181191e-05	-5.906007e-06	1.332448e-05	-1.512499e-06	-1.771802e-05
-1.440503e-06	-1.62058e-05	-8.859284e-06	-1.512569e-06	-7.346794e-06
-2.953178e-05	1.4766e-05	8.859493e-06	2.953147e-06	-8.859467e-06
-1.030013e-05	0	-1.512615e-06	-1.325349e-05	-1.620695e-05
-1.476656e-05	0	-1.181341e-05	1.476674e-05	-4.466014e-06
1.923253e-05	-1.18132e-05	-4.466001e-06	-1.772014e-05	1.512707e-06
8.860094e-06	4.394001e-06	4.466014e-06	-1.51268e-06	5.906643e-06
-4.393963e-06	-4.466014e-06	0	-1.181342e-05	8.860082e-06
1.476663e-05	4.465962e-06	5.834533e-06	1.923211e-05	1.18128e-05
-2.953186e-06	2.355322e-05	-7.346816e-06	2.945896e-05	1.037165e-05
-1.037165e-05	1.51254e-06	1.029961e-05	7.418537e-06	-2.801787e-05
1.174023e-05	2.953043e-06	2.067105e-05	1.771771e-05	1.771739e-05
0	8.858578e-06	5.833655e-06	2.952825e-06	2.362228e-05
1.512383e-06	7.345829e-06	2.066886e-05	3.535932e-05	2.210794e-05
1.512252e-06	4.421435e-05	1.627385e-05	-3.247595e-05	-1.620236e-05
0	1.440221e-06	7.417104e-06	1.173763e-05	1.18095e-05
-1.18095e-05	-4.392595e-06	-2.361953e-05	-1.440233e-06	-7.417235e-06
-7.345277e-06	-1.476273e-05	-2.952572e-06	-1.440282e-06	-2.210859e-05
-2.95265e-06	-1.181069e-05	-1.181083e-05	2.506184e-05	-1.440318e-06
2.354894e-05	2.506065e-05	0	-2.880503e-06	2.059541e-05
-8.857416e-06	-4.392731e-06	1.440242e-06	7.417213e-06	7.345147e-06
-1.440221e-06	1.620236e-05	7.344985e-06	0	-2.945227e-05
-3.982316e-05	-1.512303e-06	2.95259e-06	-1.325071e-05	2.95262e-06
-4.392926e-06	8.785832e-06	1.771546e-05	4.464822e-06	-4.464822e-06
7.417355e-06	-4.464809e-06	-2.362061e-05	5.905205e-06	4.464888e-06
-1.037009e-05	1.771551e-05	-8.857716e-06	2.066788e-05	1.915522e-05
2.952463e-06	2.505958e-05	2.36188e-05	-1.440155e-06	-1.332153e-05
-1.47619e-05	-5.832812e-06	-1.512216e-06	2.801163e-05	-2.952346e-06
0	3.391545e-05	1.332104e-05	2.505747e-05	3.096095e-05
5.904073e-06	2.210396e-05	1.029582e-05	-7.343858e-06	1.439976e-06
2.951945e-06	-4.391922e-06	4.867005e-05	7.343501e-06	2.656574e-05
5.903403e-06	-2.066206e-05	-7.343414e-06	2.951771e-06	-7.415441e-06
8.855326e-06	8.855248e-06	2.210178e-05	-7.667439e-05	5.903777e-06
1.771112e-05	-9.439094e-05	-2.80094e-05	1.620091e-05	-2.505751e-05
-2.801043e-05	-1.029709e-05	-8.857024e-06	-2.21069e-05	-4.572754e-05
1.764316e-05	5.904988e-06	3.247681e-05	-1.5122e-06	0
2.952389e-06	-1.02974e-05	1.324978e-05	0	-2.354728e-05
-5.904909e-06	8.85735e-06	1.440212e-06	-2.945275e-05	0
-2.657303e-05	-1.512308e-06	2.066801e-05	3.391765e-05	0
-1.180984e-05	-1.440233e-06	8.857403e-06	2.95245e-06	5.904874e-06
2.505932e-05	-1.03693e-05	-1.915468e-05	2.066688e-05	-1.915465e-05
1.029747e-05	-1.18097e-05	-8.857364e-06	8.857364e-06	-2.952446e-06
-8.85739e-06	-4.392718e-06	-3.982339e-05	-5.905231e-06	2.95262e-06
-8.857886e-06	-2.657413e-05	2.218116e-05	-1.512337e-06	-4.39299e-06
-1.037041e-05	2.952698e-06	1.037038e-05	-4.573132e-05	-2.952803e-06
2.506254e-05	0	-5.905484e-06	1.915669e-05	-7.345754e-06
-5.905449e-06	-2.210973e-05	-4.573341e-05	-2.952977e-05	-2.506498e-05
-1.771873e-05	-3.392575e-05	-1.174103e-05	2.881247e-06	-1.764777e-05
8.859937e-06	-4.465975e-06	-1.440641e-06	0	-1.512676e-06
-4.393976e-06	1.476656e-05	2.211342e-05	-3.097333e-05	-2.218614e-05
-1.440675e-06	2.506746e-05	-1.772003e-05	-2.060173e-05	-4.466166e-06
-1.916152e-05	-2.9535e-06	1.512769e-06	1.030118e-05	-1.772097e-05
2.953517e-06	2.953509e-06	-7.347769e-06	1.469548e-05	-1.469548e-05
1.620824e-05	4.394189e-06	-2.953469e-06	7.419675e-06	-1.181388e-05
-2.953491e-06	-2.506901e-05	1.181421e-05	-1.772137e-05	1.772137e-05
-1.332701e-05	0	-2.953578e-06	-7.347965e-06	4.394378e-06
-2.953596e-06	-8.7888e-06	8.7888e-06	-5.158128e-05	-1.92356e-05
2.953805e-06	1.512921e-06	2.658381e-05	-5.907453e-06	-8.861245e-06
-2.953766e-06	1.440862e-06	-1.030221e-05	2.953792e-06	8.861323e-06
-1.512903e-06	-4.394637e-06	-2.953783e-06	-3.097923e-05	-2.953883e-06
-5.907793e-06	-3.688847e-05	-1.513033e-06	6.642719e-05	3.393236e-05
-1.440841e-06	5.835394e-06	2.953705e-06	4.466561e-06	0
7.348171e-06	0	4.466509e-06	5.907287e-06	5.907252e-06
-1.51283e-06	1.51283e-06	5.835178e-06	-1.174243e-05	-2.953639e-06
4.394436e-06	8.860853e-06	1.030154e-05	2.362831e-05	1.772087e-05
4.394151e-06	0	2.953435e-06	-2.953435e-06	1.772048e-05
0	1.620748e-05	1.332595e-05	2.946053e-05	2.067227e-05
-1.030007e-05	-1.332542e-05	-5.90646e-06	-1.440605e-06	-8.859768e-06
-1.916042e-05	-7.419358e-06	-2.953352e-06	1.037271e-05	1.325386e-05
-5.013509e-05	-4.466179e-06	-5.906913e-06	-5.906948e-06	0
7.419697e-06	2.953456e-06	0	0	7.347585e-06
-7.347585e-06	2.953448e-06	1.18137e-05	1.440686e-06	-1.030095e-05
1.325435e-05	2.506753e-05	8.859925e-06	6.345782e-05	5.603545e-05
4.868635e-05	1.181112e-05	7.345873e-06	-1.181104e-05	1.037067e-05
2.059699e-05	-8.858095e-06	1.512363e-06	1.440344e-06	5.905388e-06
-2.95269e-06	-1.029847e-05	-1.029858e-05	-7.417924e-06	1.512397e-06
4.393139e-06	1.915674e-05	-1.02985e-05	-1.476378e-05	1.037067e-05
8.786182e-06	1.512368e-06	5.905414e-06	1.44034e-06	-3.096776e-05
-1.440384e-06	2.952785e-06	-1.332361e-05	-4.39323e-06	-9.737622e-05
-1.915946e-05	2.067203e-05	5.906215e-06	1.440535e-06	1.181231e-05
-5.906137e-06	5.906137e-06	2.953056e-06	1.181213e-05	8.85901e-06
7.346436e-06	1.771765e-05	4.393353e-06	3.248141e-05	8.858382e-06
1.620416e-05	-1.440359e-06	-1.037064e-05	-2.801568e-05	8.858513e-06
2.95282e-06	-2.95282e-06	-1.77171e-05	1.915751e-05	4.465231e-06
1.325153e-05	1.476373e-05	-4.393088e-06	3.975314e-05	4.428832e-05
4.392718e-06	1.332206e-05	-4.133497e-05	1.476269e-05	1.180999e-05
-4.464737e-06	1.332214e-05	1.440221e-06	-1.440221e-06	-1.036965e-05
-2.952489e-06	-7.345255e-06	3.542956e-05	4.126089e-05	1.620146e-05
-1.440119e-06	-1.33212e-05	-1.620169e-05	4.464493e-06	1.17372e-05
-2.952289e-06	5.90457e-06	-1.173717e-05	1.173717e-05	4.464408e-06
2.952259e-06	1.620126e-05	1.6201e-05	1.180856e-05	4.464177e-06
-1.476066e-05	7.344356e-06	0	0	1.036841e-05
1.440049e-06	0	1.180832e-05	2.361622e-05	0
4.39198e-06	1.180785e-05	8.855796e-06	-8.855796e-06	-2.951949e-06
8.855822e-06	2.505507e-05	2.951849e-06	7.343588e-06	-2.951828e-06
-2.80068e-05	1.511955e-06	0	0	4.391857e-06
2.066307e-05	1.029538e-05	5.903594e-06	2.210217e-05	7.415277e-06
1.324657e-05	1.511826e-06	-4.463493e-06	-7.343208e-06	1.029488e-05
8.854948e-06	1.029468e-05	1.331813e-05	0	-4.463354e-06
-4.391384e-06	-3.541974e-05	1.511844e-06	-2.951697e-06	-2.656567e-05
-1.439894e-06	2.95178e-06	5.903533e-06	-1.511877e-06	0
4.391637e-06	0	-2.944593e-05	1.439919e-06	-7.343609e-06
1.029544e-05	-4.391747e-06	-4.463762e-06	-1.029553e-05	2.951876e-06
-4.867106e-05	-1.771225e-05	-7.344194e-06	-2.952132e-05	-7.078272e-05
-4.392582e-06	-2.952402e-06	-1.440199e-06	-1.512212e-06	1.512212e-06
5.45101e-05	1.036882e-05	7.344519e-06	-5.904413e-06	-1.02968e-05
-1.512127e-06	0	1.627325e-05	-4.464315e-06	5.904413e-06
-1.620122e-05	-7.416644e-06	2.361786e-05	2.952154e-05	-2.952115e-06
-1.771287e-05	1.440083e-06	3.837744e-05	8.856123e-06	1.440013e-06
-1.180816e-05	4.276793e-05	2.951928e-06	-1.324774e-05	2.951958e-06
1.324771e-05	-1.619966e-05	8.855848e-06	2.066334e-05	1.468727e-05
8.855457e-06	1.771068e-05	-7.343414e-06	-1.475899e-05	7.343522e-06
8.855352e-06	-5.90356e-06	2.361403e-05	-2.951723e-06	-4.463598e-06
0	7.415321e-06	0	2.951714e-06	0
0	2.354141e-05	-4.391475e-06	-1.439832e-06	-4.463493e-06
-1.439841e-06	-1.475849e-05	-5.903455e-06	-5.90349e-06	-7.343414e-06
8.783293e-06	5.903481e-06	0	8.855157e-06	8.855078e-06
-1.439845e-06	1.029484e-05	-5.903325e-06	-6.925868e-05	-1.922337e-05
1.036771e-05	-2.951906e-06	1.180757e-05	-8.855666e-06	-2.951906e-06
-1.475966e-05	-5.903925e-06	-1.439987e-06	2.879972e-06	-5.831952e-06
-1.332002e-05	-8.85611e-06	1.332014e-05	2.952006e-06	1.763985e-05
2.512726e-05	1.439938e-06	1.511933e-06	1.029548e-05	1.771086e-05
4.571561e-05	2.210113e-05	2.210064e-05	2.656331e-05	3.390499e-05
1.914754e-05	2.951279e-06	-1.770781e-05	1.02936e-05	-5.902611e-06
-1.439667e-06	1.91474e-05	-1.029348e-05	3.53429e-05	3.980426e-05
2.799879e-05	2.950984e-06	0	-2.058509e-05	2.951036e-06
-1.511505e-06	-1.029269e-05	2.951062e-06	1.180416e-05	1.439522e-06
0	-7.341585e-06	5.902063e-06	2.209644e-05	2.504684e-05
2.950879e-06	2.655752e-05	2.504547e-05	-1.331432e-05	8.852246e-06
-1.439384e-06	-1.324243e-05	-8.852376e-06	2.648492e-05	0
-1.43938e-06	1.619291e-05	-2.65565e-05	-3.238693e-05	-3.836188e-05
-2.209654e-05	-1.914593e-05	4.39064e-06	1.331576e-05	0
2.951036e-06	7.341563e-06	-2.951014e-06	-1.619474e-05	-1.511523e-06
-4.390627e-06	5.90215e-06	1.439543e-06	0	7.413616e-06
7.341585e-06	1.511496e-06	1.324349e-05	-5.901967e-06	-1.029254e-05
1.439522e-06	5.902019e-06	-4.390523e-06	5.90201e-06	-1.511487e-06
-1.439514e-06	1.439514e-06	-1.180407e-05	0	-1.439531e-06
-1.036468e-05	1.511523e-06	2.360825e-05	5.83e-06	-1.468303e-05
-8.853107e-06	7.341606e-06	4.462519e-06	1.324349e-05	4.390465e-06
0	-8.852925e-06	-7.341509e-06	-5.902037e-06	1.511501e-06
-1.475522e-05	-1.770655e-05	-5.902254e-06	-2.95114e-06	2.799949e-05
7.413616e-06	-7.413616e-06	-1.029278e-05	-1.029289e-05	-8.853407e-06
1.475563e-05	-2.95111e-06	3.238975e-05	2.360787e-05	2.950944e-06
-2.504732e-05	-1.511496e-06	-3.39013e-05	-5.902254e-06	-2.648859e-05
-1.331654e-05	8.853721e-06	-1.619589e-05	-4.462914e-06	1.770757e-05
0	-1.029339e-05	2.800065e-05	-2.504938e-05	1.439637e-06
3.246326e-05	1.770679e-05	-1.511543e-06	7.341758e-06	0
1.33158e-05	-7.413638e-06	-4.390627e-06	-1.029286e-05	-4.865857e-05
4.390886e-06	2.95124e-06	-1.180501e-05	5.751213e-05	-1.439562e-06
5.830215e-06	1.626684e-05	5.902063e-06	1.173205e-05	-7.341509e-06
-1.914576e-05	2.504776e-05	-4.570544e-05	5.902237e-06	-1.770681e-05
-4.390763e-06	0	4.390763e-06	-2.944007e-05	-7.41414e-06
7.41414e-06	-1.180506e-05	1.475631e-05	0	-1.921924e-05
-8.781946e-06	-4.462986e-06	-8.854047e-06	-2.209947e-05	-1.914847e-05
1.439747e-06	-7.342732e-06	-2.951545e-05	1.511788e-06	-1.036659e-05
1.331817e-05	-2.95158e-06	1.324604e-05	-1.439779e-06	2.354013e-05
1.475729e-05	8.854269e-06	-1.475716e-05	1.475716e-05	1.619663e-05
-1.029383e-05	-8.854217e-06	2.065972e-05	-5.902733e-06	0
7.342418e-06	1.511668e-06	7.342353e-06	-1.770812e-05	-4.391086e-06
5.902767e-06	-4.463065e-06	-1.468506e-05	-8.854334e-06	-1.18059e-05
-1.511741e-06	1.770883e-05	-1.43973e-06	8.105358e-05	2.36094e-05
3.685258e-05	3.980214e-05	-2.950918e-06	-1.331523e-05	5.901906e-06
3.980097e-05	3.245857e-05	1.180286e-05	-1.331421e-05	-2.6485e-05
0	-2.950818e-06	1.439425e-06	-2.20954e-05	-1.6194e-05
-1.180379e-05	1.439495e-06	-1.439495e-06	1.029234e-05	1.036421e-05
-2.950909e-06	-1.770564e-05	-1.324345e-05	-4.462506e-06	1.511496e-06
4.563171e-05	5.901741e-06	1.626559e-05	4.390226e-06	7.41296e-06
1.029169e-05	1.439389e-06	1.770431e-05	-1.439363e-06	1.324206e-05
-1.324206e-05	-1.180286e-05	-4.462091e-06	2.799569e-05	1.47532e-05
-7.340589e-06	0	-5.901297e-06	-1.511313e-06	1.511313e-06
2.950653e-06	2.950644e-06	-1.511305e-06	-1.43934e-06	4.38998e-06
-4.38998e-06	2.950644e-06	4.389967e-06	8.851842e-06	1.770345e-05
1.61919e-05	1.511231e-06	8.85145e-06	-5.900958e-06	-2.216488e-05
1.511258e-06	-3.38959e-05	4.38998e-06	5.901254e-06	-3.094599e-05
-1.770441e-05	-1.619334e-05	-7.341065e-06	-5.90168e-06	1.475413e-05
-1.770499e-05	-2.209569e-05	-2.950927e-06	-1.511454e-06	5.8945e-05
-4.390167e-06	3.540867e-05	-1.770418e-05	7.340795e-06	2.950696e-06
-2.950696e-06	-5.901419e-06	-4.390103e-06	-1.03636e-05	-8.780354e-06
0	1.173111e-05	-3.684911e-05	2.950857e-06	7.413091e-06
0	-1.331481e-05	7.413135e-06	-1.475435e-05	2.360686e-05
-1.511398e-06	1.036383e-05	1.029175e-05	1.61931e-05	-1.180294e-05
-4.390154e-06	-4.390174e-06	1.324243e-05	-5.901497e-06	4.390142e-06
0	-4.390142e-06	-8.852311e-06	3.97988e-05	7.340654e-06
4.46194e-06	2.950627e-06	1.914288e-05	2.360425e-05	1.439265e-06
-2.950496e-06	-3.389535e-05	1.619219e-05	-7.340427e-06	1.029098e-05
0	-1.468086e-05	-4.461874e-06	-7.340546e-06	1.770358e-05
-2.065421e-05	1.180246e-05	3.09448e-05	-1.511235e-06	5.901002e-06
-1.324132e-05	-2.065393e-05	-3.533576e-05	-2.950701e-06	2.943465e-05
5.901219e-06	-8.851842e-06	0	-2.353333e-05	-8.852128e-06
1.439376e-06	1.91435e-05	5.454977e-05	3.38942e-05	1.036233e-05
-8.85115e-06	-5.90081e-06	1.439225e-06	2.065265e-05	1.475163e-05
4.418164e-05	-4.389294e-06	1.180068e-05	-2.950196e-05	-1.028991e-05
0	6.778196e-05	8.850172e-06	-2.950049e-06	1.028916e-05
7.339053e-06	1.626085e-05	4.388945e-06	4.460875e-06	1.438988e-06
4.460849e-06	7.338772e-06	-8.849702e-06	5.89981e-06	-3.244939e-05
3.539928e-05	3.237629e-05	3.100831e-05	-8.849141e-06	7.338318e-06
0	-4.388595e-06	-5.899454e-06	-3.83473e-05	8.849507e-06
0	-5.899663e-06	-5.899697e-06	8.849533e-06	-1.323835e-05
0	2.949866e-06	4.388809e-06	-1.474935e-05	1.510919e-06
-2.949892e-06	1.323847e-05	-1.618837e-05	5.899793e-06	-2.949892e-06
1.438973e-06	-1.172769e-05	-1.331073e-05	-3.827834e-05	-4.569129e-05
-7.339583e-06	-8.850745e-06	4.389404e-06	-1.619052e-05	-8.850928e-06
2.950318e-06	2.950309e-06	5.900593e-06	-4.461421e-06	-2.209152e-05
1.029025e-05	-1.439189e-06	-1.475181e-05	-7.340005e-06	1.914147e-05
7.339865e-06	5.900636e-06	-2.950314e-06	0	-1.172938e-05
3.684275e-05	-5.900506e-06	-2.950266e-06	0	-1.331228e-05
1.475144e-05	1.511111e-06	-8.850824e-06	1.439164e-06	2.799132e-05
1.626195e-05	-1.036157e-05	1.036157e-05	4.417936e-05	1.180002e-05
-1.618909e-05	1.172812e-05	1.626085e-05	1.439e-06	5.89988e-06
2.949927e-06	-1.769969e-05	0	-1.439013e-06	-4.460954e-06
2.949988e-06	8.849911e-06	-4.417839e-05	-4.461118e-06	-1.467866e-05
1.323958e-05	1.439075e-06	1.511026e-06	-7.411245e-06	1.475048e-05
-1.439062e-06	-1.511017e-06	0	3.093942e-05	-4.389022e-06
-1.510979e-06	1.510979e-06	1.618892e-05	-7.662988e-05	-1.91404e-05
-2.799169e-05	2.950318e-06	1.324034e-05	-2.950279e-06	7.41166e-06
-5.90054e-06	-9.139087e-05	2.950544e-06	0	-2.209331e-05
-1.331379e-05	-5.901306e-06	1.036325e-05	1.914294e-05	1.511269e-06
0.0001046318	2.950257e-06	-5.900523e-06	-2.360244e-05	-4.38954e-06
-1.511157e-06	-1.914153e-05	-4.569648e-05	0	-4.38985e-06
0	-8.851724e-06	-1.331372e-05	-1.439331e-06	-1.475326e-05
7.340676e-06	1.626444e-05	-3.389655e-05	3.238526e-05	-2.950614e-06
-1.439327e-06	-1.036322e-05	-4.390006e-06	-1.02914e-05	7.34073e-06
1.51132e-06	1.173064e-05	-4.38998e-06	1.324185e-05	0
-1.439323e-06	-2.950618e-06	8.851828e-06	1.029105e-05	-2.95057e-06
7.340427e-06	-1.468091e-05	7.340481e-06	-1.180237e-05	-1.61925e-05
2.065439e-05	5.44766e-05	4.461624e-06	-2.504292e-05	4.389753e-06
1.619155e-05	-2.95044e-06	-4.389695e-06	-8.851411e-06	0
-5.900984e-06	1.331315e-05	0	-1.180192e-05	-4.274713e-05
0	-4.461927e-06	-8.851946e-06	-2.35336e-05	-5.90148e-06
-1.475385e-05	1.914398e-05	1.036351e-05	7.340752e-06	-1.475353e-05
4.462065e-06	2.64841e-05	7.412545e-06	8.851802e-06	1.914265e-05
-4.461789e-06	-1.324155e-05	1.029101e-05	9.290212e-05	1.439159e-06
-1.77018e-05	-2.950331e-06	1.475157e-05	2.065183e-05	1.180086e-05
1.618997e-05	-2.950153e-06	-1.028963e-05	-3.835318e-05	-1.324046e-05
-2.065259e-05	-1.180167e-05	-1.02906e-05	1.324103e-05	4.461611e-06
8.851202e-06	7.339962e-06	1.180139e-05	0	5.454366e-05
2.352913e-05	-1.172852e-05	1.467861e-05	4.461105e-06	1.618933e-05
7.223718e-05	1.323812e-05	3.827445e-05	-2.208677e-05	1.769823e-05
-3.2447e-05	-1.32381e-05	-1.028843e-05	1.618804e-05	3.68358e-05
-3.093623e-05	1.438916e-06	-2.949779e-06	-1.467708e-05	-4.719834e-05
-2.208901e-05	0	5.900045e-06	1.3239e-05	-7.338989e-06
-5.90001e-06	1.028902e-05	-5.899984e-06	-5.828067e-06	8.778064e-06
-8.778064e-06	-4.461013e-06	-2.950036e-06	1.510995e-06	1.439041e-06
1.475005e-05	5.899958e-06	-4.460941e-06	-2.057815e-05	1.323913e-05
-2.798946e-05	8.850224e-06	-1.511008e-06	0	1.511008e-06
-2.360077e-05	2.065071e-05	1.028922e-05	1.180009e-05	1.913887e-05
-2.50389e-05	8.850028e-06	2.949992e-06	1.323888e-05	-1.439e-06
-8.849898e-06	4.388984e-06	-1.913899e-05	-4.389068e-06	1.439041e-06
0	2.950027e-06	2.950018e-06	-5.900045e-06	-5.90008e-06
0	1.323915e-05	2.35998e-05	-1.028887e-05	-1.179995e-05
2.950001e-06	1.439022e-06	5.899967e-06	7.410885e-06	-4.460914e-06
5.899915e-06	-1.439e-06	-1.179988e-05	-1.913913e-05	-4.461052e-06
7.411092e-06	-2.95004e-06	-1.180025e-05	-4.461105e-06	-1.02894e-05
4.389197e-06	-1.172855e-05	1.467866e-05	5.900184e-06	-8.850289e-06
-8.778413e-06	-1.770097e-05	7.339464e-06	0	-2.95017e-06
1.626181e-05	-1.770092e-05	0	0	5.900341e-06
7.339399e-06	1.180049e-05	-7.339313e-06	1.439085e-06	4.389197e-06
1.511031e-06	2.065052e-05	4.38908e-06	-1.770034e-05	-8.850289e-06
4.461131e-06	-2.799033e-05	5.900341e-06	5.900306e-06	-1.331171e-05
1.331171e-05	-1.62619e-05	1.511073e-06	-1.180082e-05	5.900428e-06
-4.461296e-06	1.511086e-06	1.32399e-05	1.770089e-05	1.770058e-05
-5.900158e-06	-1.511022e-06	3.388951e-05	-4.389022e-06	1.474992e-05
-8.849924e-06	-2.949992e-06	-1.180006e-05	-3.532905e-05	-1.770097e-05
1.770097e-05	-1.331168e-05	1.036154e-05	5.900271e-06	4.389203e-06
2.503968e-05	1.510995e-06	1.762811e-05	-1.762811e-05	-4.720168e-05
-1.028969e-05	-8.850654e-06	0	-8.850733e-06	-7.339691e-06
-5.900575e-06	-7.411748e-06	-2.648126e-05	-2.065299e-05	2.950453e-06
1.439242e-06	1.475211e-05	-1.324091e-05	1.439238e-06	5.900854e-06
0	-7.340092e-06	4.389669e-06	-5.900871e-06	-1.172988e-05
1.914195e-05	-2.950427e-06	1.619126e-05	-3.238278e-05	-2.950483e-06
0	-3.245589e-05	2.360439e-05	5.90101e-06	1.619162e-05
1.439242e-06	-2.878486e-06	1.029055e-05	-2.950427e-06	1.770243e-05
-7.411955e-06	2.360293e-05	1.324042e-05	-5.900602e-06	-2.950314e-06
7.411748e-06	-7.411748e-06	-1.029019e-05	-2.360307e-05	2.950414e-06
-1.468019e-05	3.094329e-05	-8.851124e-06	4.389592e-06	-2.360328e-05
-7.340157e-06	-7.340211e-06	-8.851502e-06	-2.950518e-06	1.439278e-06
-4.389805e-06	4.389805e-06	-1.6192e-05	-7.340459e-06	1.173032e-05
1.770316e-05	1.47524e-05	-1.439248e-06	1.172981e-05	2.950423e-06
-8.851294e-06	-4.389695e-06	1.324099e-05	1.921351e-05	-1.33127e-05
-2.950405e-06	-1.439225e-06	5.90081e-06	1.029035e-05	-1.029035e-05
1.180152e-05	-5.90074e-06	-7.411955e-06	0	-5.900819e-06
2.655341e-05	1.475159e-05	1.439168e-06	1.475135e-05	3.540236e-05
-7.411365e-06	-2.352965e-05	0	2.057948e-05	4.46123e-06
2.352906e-05	2.655048e-05	0.0001090726	1.61872e-05	1.913653e-05
1.474783e-05	5.899071e-06	2.057454e-05	2.510612e-05	7.337485e-06
2.949327e-05	-2.65439e-05	1.91347e-05	-1.769599e-05	-1.028684e-05
1.474683e-05	1.474661e-05	-2.654406e-05	-7.215449e-05	-7.409978e-06
1.510777e-06	-2.949614e-06	-1.769787e-05	-6.633381e-05	1.626011e-05
-2.949822e-06	2.057663e-05	2.798641e-05	5.89935e-06	2.949662e-06
-3.97852e-05	6.194335e-05	-7.518145e-05	-7.338588e-06	1.913777e-05
3.093623e-05	6.927929e-05	2.352365e-05	2.064569e-05	-2.654453e-05
-1.323656e-05	3.093299e-05	5.898741e-06	5.891357e-05	0
1.618444e-05	1.03579e-05	1.913307e-05	4.27244e-05	6.631271e-05
3.236361e-05	8.104826e-05	6.184252e-05	2.502356e-05	1.47406e-05
1.028234e-05	1.617829e-05	2.653183e-05	-1.509923e-06	8.843799e-06
1.768736e-05	3.832155e-05	1.761448e-05	2.796684e-05	6.333589e-05
3.242125e-05	3.680511e-05	2.055851e-05	5.894321e-06	1.919224e-05
-2.947139e-05	-3.83141e-05	-2.501638e-05	-1.761248e-05	-4.126474e-05
-4.385378e-06	-4.457289e-06	-7.333002e-06	-1.035257e-05	7.404971e-06
-0.0001045374	-2.947911e-06	0	-1.322976e-05	1.438026e-06
2.358333e-05	4.414534e-05	1.617655e-05	-4.385617e-06	7.333315e-06
6.182778e-05	2.508948e-05	2.947434e-06	7.332603e-06	2.206937e-05
0	2.206888e-05	-1.32269e-05	4.85936e-05	-2.063043e-05
-1.027943e-05	-1.617414e-05	1.761183e-05	0	1.768341e-05
-8.841664e-06	-2.501586e-05	7.332301e-06	7.404131e-06	-1.035142e-05
-1.617431e-05	0	-3.234941e-05	-5.894894e-06	5.894894e-06
1.322744e-05	-2.206979e-05	1.322756e-05	1.509656e-06	1.617474e-05
-4.421157e-05	0	-1.171819e-05	-1.509716e-06	-5.895102e-06
-5.895137e-06	-1.473799e-05	1.509756e-06	-3.09145e-05	2.063374e-05
5.895276e-06	-3.098653e-05	0	-2.796779e-05	1.768666e-05
-2.653011e-05	-2.502091e-05	-1.91256e-05	-4.385998e-06	-1.330191e-05
-2.940864e-05	0	-7.406225e-06	-5.896257e-06	-3.530636e-05
-2.06379e-05	2.948298e-06	4.458385e-06	-5.601889e-05	-2.797467e-05
2.502622e-05	1.625232e-05	-4.458575e-06	1.179361e-05	-2.207717e-05
-2.207766e-05	-1.769125e-05	-5.897151e-06	2.063988e-05	-1.179416e-05
0	7.335411e-06	1.618086e-05	2.063921e-05	-7.659015e-05
-2.351759e-05	-2.948767e-05	-5.890602e-05	-2.208166e-05	-1.920497e-05
-5.898229e-06	-1.172463e-05	-3.387992e-05	7.33715e-06	-7.33715e-06
6.62482e-05	1.510494e-06	1.172423e-05	-5.826136e-06	-1.035766e-05
1.474525e-05	-2.35925e-05	-1.028593e-05	-2.65425e-05	-1.028631e-05
3.531827e-05	1.51053e-06	-2.949132e-06	1.438602e-06	5.898246e-06
-7.336848e-06	-1.028606e-05	4.387774e-06	-2.359351e-05	-3.237004e-05
1.618515e-05	-7.337237e-06	-2.21559e-05	1.035867e-05	-2.949331e-06
-2.359496e-05	-5.898828e-06	-1.438744e-06	4.388162e-06	-7.337594e-06
8.848268e-06	1.028691e-05	-2.654477e-05	-8.776473e-06	-1.035922e-05
-7.337842e-06	2.942298e-05	-2.949453e-06	-7.337702e-06	5.898941e-06
2.65448e-05	2.057354e-05	1.510628e-06	1.618515e-05	0
-4.41681e-05	-2.215672e-05	5.898915e-06	-5.898915e-06	-7.337724e-06
-7.337777e-06	1.179797e-05	5.826994e-06	-5.007009e-05	5.899193e-06
0	1.618663e-05	-6.035948e-05	-3.978601e-05	-2.94984e-06
7.33861e-06	6.633283e-05	5.44587e-05	4.862904e-05	3.97791e-05
-5.898428e-06	1.474601e-05	-2.647103e-05	-4.129046e-05	-8.848177e-06
2.503366e-05	1.920644e-05	7.214673e-05	-5.898142e-06	4.862267e-05
1.179568e-05	-4.459324e-06	2.94891e-06	-7.336329e-06	1.179564e-05
2.797813e-05	1.618236e-05	-4.387193e-06	-7.407927e-06	5.156666e-05
2.948641e-06	-3.387393e-05	5.897455e-06	0	-1.438401e-06
-3.53853e-05	1.618246e-05	-4.387219e-06	1.438434e-06	3.682322e-05
1.625357e-05	4.386979e-06	8.248601e-05	1.617998e-05	-1.43821e-06
1.474155e-05	-2.948293e-06	7.068474e-05	-3.53777e-05	1.912712e-05
-1.761707e-05	1.761707e-05	3.537702e-05	1.438064e-06	-2.948033e-06
-7.334169e-06	-1.47404e-05	-2.207506e-05	5.896318e-06	-2.948154e-06
4.386275e-06	-2.351354e-05	-6.184252e-05	-2.214918e-05	2.214918e-05
-1.625227e-05	-0.0001443404	-1.438475e-06	2.35188e-05	1.33055e-05
8.846261e-06	1.438409e-06	-2.948741e-06	-2.948749e-06	-5.897525e-06
-1.474396e-05	-3.236556e-05	-1.474466e-05	7.408319e-06	-2.654074e-05
-3.682734e-05	-1.323516e-05	-3.539052e-05	-1.913442e-05	4.388001e-06
2.064493e-05	-1.323572e-05	7.337215e-06	-1.438665e-06	-6.337527e-05
-1.618615e-05	-2.949544e-05	-1.913653e-05	-7.223292e-05	-5.899732e-06
1.179943e-05	-1.179943e-05	1.769909e-05	-1.323832e-05	1.618813e-05
4.460684e-06	5.827638e-06	-5.827638e-06	-1.474911e-05	2.94984e-06
1.438943e-06	2.949827e-06	-2.949827e-06	8.849455e-06	-1.618809e-05
3.0937e-05	3.093605e-05	1.438863e-06	1.769784e-05	5.899211e-06
1.510768e-06	-2.949596e-06	-4.460382e-06	-4.417324e-05	-4.719702e-05
-8.777741e-06	1.913825e-05	-8.849598e-06	1.438964e-06	7.410634e-06
1.323828e-05	2.064848e-05	1.769836e-05	1.618725e-05	2.208618e-05
-1.618689e-05	-1.769797e-05	2.949683e-06	-0.0001046112	2.359962e-05
0.0001089971	3.539453e-05	5.301751e-05	5.891305e-05	4.711355e-05
-2.941874e-05	2.646971e-05	4.128559e-05	1.179557e-05	2.056999e-05
5.897612e-06	1.769263e-05	-1.02847e-05	4.387193e-06	3.243586e-05
-3.387428e-05	4.38718e-06	-1.323352e-05	3.977195e-05	1.76919e-05
2.207847e-05	4.38687e-06	-6.918533e-05	-3.682408e-05	-1.47444e-05
-3.092798e-05	8.846939e-06	-5.89795e-06	-1.330648e-05	1.179602e-05
-6.034819e-05	1.913343e-05	3.092921e-05	-4.128711e-05	-1.17247e-05
8.847486e-06	1.323512e-05	3.531677e-05	-2.94901e-06	1.474496e-05
5.897924e-06	0	1.510438e-06	1.762161e-05	8.846652e-06
-1.323405e-05	-1.028528e-05	-1.625527e-05	2.359163e-05	-6.631691e-05
-0.0001193384	-4.855947e-05	-1.474816e-05	4.388499e-06	-3.827411e-05
-1.474887e-05	2.654782e-05	-0.0003065299	-6.189302e-05	-1.036386e-05
2.50458e-05	0.0001017601	-1.626365e-05	4.461736e-06	-1.180206e-05
-1.475276e-05	-7.369512e-05	4.462164e-06	2.058327e-05	1.62648e-05
3.094558e-05	9.283098e-05	-7.411769e-06	-2.950331e-06	-1.029025e-05
1.770204e-05	-1.475168e-05	0	-4.389566e-06	3.533186e-05
7.411616e-06	1.172895e-05	-5.152206e-05	2.950357e-06	4.85717e-05
2.065125e-05	1.028949e-05	6.49005e-05	7.806209e-05	-2.064809e-05
-1.913763e-05	2.503713e-05	7.812909e-05	0.0001251665	0.0001267331
2.948762e-06	-8.846313e-06	-4.128383e-05	-3.682604e-05	2.94901e-06
-1.913276e-05	-2.941913e-05	-7.408865e-06	-8.847551e-06	-1.769534e-05
-1.618503e-05	-6.330398e-05	1.172593e-05	1.625781e-05	1.438731e-06
5.898776e-06	1.028681e-05	-1.762431e-05	-4.46008e-06	1.330824e-05
-2.949379e-06	-4.460053e-06	-5.898811e-06	2.94941e-06	-1.769659e-05
-2.208521e-05	4.568059e-05	-5.898793e-06	-1.618589e-05	1.618589e-05
1.769628e-05	-1.323621e-05	-4.719139e-05	-4.417201e-05	1.323742e-05
5.899228e-06	-7.338069e-06	1.028767e-05	1.028756e-05	-1.438814e-06
7.337929e-06	0	-7.337929e-06	-2.798534e-05	-1.035981e-05
1.769794e-05	-1.028779e-05	1.028779e-05	3.388422e-05	-2.352459e-05
1.323715e-05	1.9136e-05	7.366298e-05	2.949245e-05	-2.654316e-05
1.913417e-05	-4.387878e-06	2.654277e-05	0.0001487416	-2.207968e-05
2.79771e-05	5.897386e-06	-1.510303e-06	5.89736e-06	-5.739286e-05
8.393055e-05	1.618117e-05	-1.912977e-05	2.502684e-05	-4.271861e-05
1.625342e-05	1.4671e-05	-1.028406e-05	1.912971e-05	-3.387279e-05
-3.682267e-05	5.897473e-06	4.128134e-05	-5.897229e-06	-1.179456e-05
-2.502795e-05	2.948728e-06	1.618189e-05	-2.358968e-05	7.407796e-06
-4.423183e-05	-1.438466e-06	1.179536e-05	2.351839e-05	-2.948758e-06
-2.056963e-05	1.618243e-05	-1.913126e-05	1.438454e-06	1.618246e-05
-5.897577e-06	1.330546e-05	-8.846313e-06	1.323348e-05	7.407796e-06
-1.920285e-05	-2.948784e-06	-9.573233e-05	-2.79806e-05	0
-1.323531e-05	-2.064456e-05	4.387904e-06	-1.618499e-05	-1.474655e-05
1.510632e-06	-2.503363e-05	7.337507e-06	-1.913518e-05	0
-4.460132e-06	-2.208514e-05	-1.913605e-05	7.337929e-06	-4.388363e-06
2.949557e-06	-1.179828e-05	-1.028764e-05	1.762561e-05	1.17982e-05
0	-1.913617e-05	8.848724e-06	-4.460323e-06	1.62585e-05
-5.899071e-06	-1.179825e-05	-1.179839e-05	-1.618704e-05	1.323742e-05
1.03596e-05	1.323711e-05	8.84862e-06	-1.330893e-05	-5.827209e-06
8.776771e-06	1.510748e-06	-1.510748e-06	2.949553e-06	-2.208589e-05
-2.064751e-05	-5.827423e-06	-5.899402e-06	-1.510828e-06	-1.179893e-05
3.978484e-05	-4.388486e-06	7.338113e-06	3.093459e-05	5.309016e-05
0	-1.474698e-05	7.33755e-06	-1.438731e-06	0
-1.474711e-05	0	2.94944e-06	-3.244432e-05	8.848555e-06
5.00684e-05	-7.337453e-06	4.460027e-06	7.337421e-06	5.006567e-05
1.330726e-05	-7.408887e-06	-1.438625e-06	-1.035816e-05	4.128815e-05
-3.244054e-05	2.949184e-06	-3.826813e-05	-2.79827e-05	-1.510657e-06
1.323615e-05	5.898663e-06	2.503296e-05	4.45983e-06	-2.94924e-06
-2.503293e-05	-7.366374e-05	-2.208579e-05	2.798485e-05	5.301798e-05
4.388065e-06	2.510512e-05	7.337194e-06	0	2.064456e-05
2.208273e-05	-8.847421e-06	2.208244e-05	-5.898194e-06	2.215401e-05
-1.035766e-05	1.179621e-05	1.474507e-05	-4.459462e-06	-1.61837e-05
1.51049e-06	8.77518e-06	4.862174e-05	2.064195e-05	4.387257e-06
-1.438443e-06	-7.336091e-06	2.208003e-05	4.38718e-06	-5.897525e-06
1.474375e-05	-4.387141e-06	7.335864e-06	-2.797726e-05	8.846365e-06
1.474377e-05	8.774237e-06	-5.14958e-05	5.897698e-06	4.38729e-06
-3.243763e-05	-7.336372e-06	-3.682653e-05	-4.416485e-05	-5.157608e-05
-1.769617e-05	1.769617e-05	-2.359496e-05	4.460067e-06	-7.409476e-06
-7.337594e-06	-3.83434e-05	1.510743e-06	-4.460297e-06	1.179816e-05
2.949518e-06	4.862983e-05	4.416765e-05	-4.560637e-05	8.77615e-06
8.848008e-06	-2.942173e-05	-2.949414e-06	-1.035899e-05	-2.208514e-05
-6.035895e-05	-5.014602e-05	-0.0001605993	-1.770204e-05	-1.029035e-05
-2.360345e-05	-0.0001105406	-3.094781e-05	1.029205e-05	1.475416e-05
4.865119e-05	6.779105e-05	-1.32412e-05	3.238307e-05	-2.648208e-05
-1.511227e-06	7.412184e-06	1.76307e-05	7.411999e-06	2.504208e-05
0	-5.900662e-06	-2.065259e-05	-1.180167e-05	1.511198e-06
-2.20925e-05	5.900975e-06	-2.950483e-06	2.058124e-05	8.851242e-06
2.950396e-06	2.950388e-06	4.461545e-06	4.389566e-06	2.065229e-05
3.684205e-05	2.06511e-05	-7.411321e-06	-1.770105e-05	-3.238078e-05
-8.850928e-06	-5.900662e-06	3.094211e-05	-4.123237e-05	0
-5.900758e-06	2.058054e-05	-1.763016e-05	1.180145e-05	-2.065262e-05
1.180155e-05	-2.950375e-06	0	3.238168e-05	1.180106e-05
1.324005e-05	4.569123e-05	5.900132e-06	0.0001238228	6.186968e-05
2.057442e-05	4.460132e-06	7.337594e-06	8.848203e-06	1.913487e-05
-2.05736e-05	4.388111e-06	1.618549e-05	3.683e-05	-2.208345e-05
-4.416836e-05	7.33755e-06	-1.769654e-05	-2.942298e-05	-3.83447e-05
-1.438854e-06	2.208618e-05	-1.913653e-05	2.94964e-06	-2.94964e-06
1.43885e-06	-2.949644e-06	1.179853e-05	-3.532405e-05	1.467654e-05
-1.438867e-06	0	-1.510812e-06	-1.438871e-06	7.338221e-06
-4.388537e-06	-8.252248e-05	2.79879e-05	2.949796e-05	-5.597493e-05
1.172765e-05	1.331036e-05	-1.769922e-05	1.474937e-05	1.323828e-05
4.460684e-06	1.61878e-05	0	5.899489e-06	-5.899489e-06
-1.474887e-05	-2.503761e-05	-1.323853e-05	-1.179971e-05	1.438996e-06
0	2.50382e-05	-1.323851e-05	2.949901e-06	1.438973e-06
1.036054e-05	-1.179952e-05	-2.949901e-06	-4.388893e-06	-4.129971e-05
-8.850159e-06	-2.352885e-05	-1.770097e-05	7.339464e-06	-1.439106e-06
2.057902e-05	1.511031e-06	2.950101e-06	-2.950101e-06	2.950101e-06
1.770042e-05	-2.950049e-06	7.957631e-05	-1.626011e-05	-3.683803e-05
-5.597914e-05	2.655091e-05	7.216598e-05	6.482262e-05	-8.849012e-06
2.359719e-05	1.179839e-05	-1.43882e-06	1.913614e-05	4.388311e-06
2.949471e-05	-3.539375e-05	-1.028744e-05	2.949557e-06	1.438805e-06
2.798435e-05	3.24436e-05	1.510652e-06	2.352272e-05	5.15754e-05
1.438606e-06	0.0002224555	1.912901e-05	2.207701e-05	1.33035e-05
7.334827e-06	3.5379e-05	4.2712e-05	1.617831e-05	-3.681503e-05
1.438112e-06	2.948124e-06	-2.351333e-05	1.172078e-05	1.330256e-05
1.912661e-05	1.179217e-05	3.681367e-05	1.912532e-05	-4.385849e-06
8.828847e-05	0	-1.617605e-05	4.457427e-06	-7.513186e-05
-1.179154e-05	1.035356e-05	1.437985e-06	-2.502124e-05	2.063538e-05
-1.919736e-05	2.50931e-05	-2.947868e-06	2.056299e-05	-7.333607e-06
-1.028152e-05	-1.624933e-05	-4.709579e-05	-3.537723e-05	1.179255e-05
-2.940972e-05	-1.510058e-06	-7.3346e-06	1.3231e-05	-1.3231e-05
-3.681763e-05	-2.797368e-05	-1.474223e-05	-8.84544e-06	-2.948537e-05
-8.536863e-05	-2.064204e-05	1.474435e-05	-2.215258e-05	-1.438496e-06
1.913183e-05	-1.323401e-05	-7.408243e-06	1.769338e-05	4.459258e-06
2.948854e-06	-1.474435e-05	5.897768e-06	-1.330599e-05	1.179559e-05
-1.474451e-05	2.94888e-05	-5.89769e-06	-1.323397e-05	0
4.387367e-06	1.330583e-05	5.897664e-06	-1.510374e-06	5.156719e-05
2.948671e-06	1.913019e-05	2.797545e-05	-7.335389e-06	-8.845688e-06
2.948571e-06	-4.458818e-06	8.845701e-06	-1.912983e-05	3.682099e-05
2.948497e-06	9.276536e-05	-2.948224e-06	1.179284e-05	-1.179284e-05
0	-2.948233e-06	3.38682e-05	3.681508e-05	5.155322e-05
1.76871e-05	2.796799e-05	7.33338e-06	-8.771304e-06	-8.843278e-06
1.02812e-05	2.652933e-05	8.842953e-06	1.437871e-06	1.509762e-06
2.875732e-06	-7.333132e-06	1.617595e-05	4.457328e-06	-4.457328e-06
7.404905e-06	-5.895163e-06	-4.457341e-06	-7.333089e-06	2.947621e-06
8.842809e-06	8.842731e-06	7.332937e-06	5.003508e-05	1.329913e-05
0.000133916	6.188427e-05	7.359489e-05	3.974186e-05	5.821008e-06
8.839244e-06	-7.948414e-05	-5.886258e-05	-1.178731e-05	2.94684e-06
-1.027804e-05	2.652144e-05	2.644886e-05	1.624271e-05	-2.946666e-06
1.466137e-05	1.767961e-05	1.767929e-05	2.651835e-05	-7.402072e-06
2.500872e-05	5.303367e-05	-2.507926e-05	1.034796e-05	2.939051e-05
-1.322203e-05	8.838658e-06	2.946202e-06	2.35693e-05	1.437135e-06
1.473051e-05	5.7411e-05	1.171173e-05	-2.938735e-05	0.0001103598
2.061926e-05	8.764851e-06	-1.027356e-05	1.178226e-05	5.891078e-06
8.836551e-06	0	-1.623633e-05	-5.000379e-05	-1.436927e-06
2.349351e-05	7.399981e-06	-2.945617e-06	2.054729e-05	-3.089294e-05
2.945647e-06	-1.911094e-05	1.321964e-05	1.508752e-06	7.32819e-06
1.508738e-06	-4.713119e-05	-7.328524e-06	-8.83741e-06	1.322016e-05
7.356988e-05	5.891104e-06	2.945539e-06	7.507239e-05	-7.399229e-06
6.623193e-05	0.0001779856	3.533477e-05	-3.533477e-05	2.204847e-05
1.508184e-06	-5.889111e-06	2.937339e-05	1.766671e-05	2.355513e-05
1.615792e-05	1.910192e-05	8.832718e-06	7.209504e-05	0.0001631999
4.702364e-05	7.394356e-06	8.830081e-06	-2.943352e-06	-5.88673e-06
9.116863e-05	0.0001058026	3.825559e-05	-2.059898e-05	-5.878479e-05
-9.116273e-05	-1.17728e-05	-3.230413e-05	-4.415067e-05	-4.408082e-05
-2.354886e-05	-8.830964e-06	-2.498559e-05	3.087291e-05	-1.435928e-06
-5.442319e-05	7.32361e-06	-2.943798e-06	-2.053502e-05	2.347882e-05
-1.435998e-06	-5.887613e-06	1.766273e-05	5.887509e-06	-3.087391e-05
-7.395519e-06	-6.031501e-05	-2.793283e-05	0	-1.436156e-06
-1.321273e-05	2.872348e-06	-5.816514e-06	-1.034055e-05	-1.436196e-06
4.380392e-06	1.507999e-06	2.944183e-06	2.204519e-05	-2.944118e-06
4.114506e-05	8.831964e-06	2.498757e-05	1.177554e-05	-2.642335e-05
-3.389184e-05	1.177611e-05	-3.087668e-05	6.764022e-05	1.917108e-05
5.815872e-06	7.395443e-06	-2.94385e-05	1.328333e-05	-2.943897e-05
-1.61559e-05	-3.087645e-05	-8.832276e-06	-1.507957e-06	-1.7593e-05
7.324472e-06	1.177649e-05	-2.944109e-06	-2.355319e-05	-1.615723e-05
1.026885e-05	1.910121e-05	-5.816497e-06	1.7593e-05	-2.642553e-05
-1.328484e-05	-1.436209e-06	2.944226e-06	1.026882e-05	-1.321304e-05
1.436209e-06	-5.88847e-06	-2.348241e-05	8.832899e-06	1.464951e-05
-6.025109e-05	1.615828e-05	8.833081e-06	2.944343e-06	2.944334e-06
2.793484e-05	2.060952e-05	-2.211755e-05	-1.615761e-05	-2.944304e-06
-2.944313e-06	-5.730811e-05	-1.328618e-05	-4.266061e-05	1.034213e-05
0	-1.917613e-05	6.327264e-05	6.326863e-05	1.910189e-05
3.231439e-05	2.944148e-06	1.034035e-05	2.793279e-05	8.832055e-06
7.324084e-06	-7.64747e-05	-2.793447e-05	7.396607e-06	3.087845e-05
1.910107e-05	4.114506e-05	-1.759236e-05	-8.832198e-06	3.970837e-05
4.408665e-05	-2.204308e-05	-4.451757e-06	4.451757e-06	-4.121541e-05
1.471998e-05	1.909975e-05	-3.231183e-05	-1.766424e-05	1.910034e-05
-5.888037e-06	1.328394e-05	-4.854108e-05	-2.204532e-05	4.380379e-06
-4.703622e-05	0	2.499051e-05	4.380457e-06	-2.053805e-05
-2.211837e-05	8.833043e-06	3.827562e-05	-2.499029e-05	4.703581e-05
8.968505e-05	3.970586e-05	2.060622e-05	-5.887448e-06	7.323406e-06
-5.586027e-05	-3.231135e-05	1.436082e-06	-4.559662e-05	2.944057e-05
2.49879e-05	1.436067e-06	-4.380012e-06	4.559427e-05	1.615495e-05
1.1775e-05	2.204185e-05	-1.471845e-05	-3.819718e-05	-4.114258e-05
4.380006e-06	4.26502e-05	1.026737e-05	-1.026737e-05	-8.831458e-06
-2.060704e-05	-1.615564e-05	-1.026794e-05	-5.887959e-06	1.0268e-05
-2.793209e-05	2.944036e-06	1.910012e-05	-2.943979e-06	-3.676457e-05
-8.832315e-06	-1.910105e-05	-2.498989e-05	-9.264038e-05	-0.0001750348
-1.178021e-05	5.437458e-05	4.560916e-05	3.533669e-05	2.65017e-05
0	-2.944599e-06	-4.452824e-06	8.833809e-06	-1.615947e-05
2.642957e-05	5.889102e-06	-2.944547e-06	1.034178e-05	1.910329e-05
-2.204782e-05	-2.20483e-05	-1.508208e-06	5.292956e-05	-1.321417e-05
2.944477e-06	2.06111e-05	-2.06111e-05	-1.910335e-05	-2.20483e-05
2.872771e-06	7.397347e-06	-1.321472e-05	0.0001470757	5.435795e-05
5.888002e-06	1.507897e-06	3.08755e-05	2.943893e-06	2.053521e-05
-1.170358e-05	-4.451704e-06	-1.436038e-06	1.615531e-05	8.831458e-06
1.471892e-05	2.204208e-05	1.909796e-05	3.826661e-05	1.32099e-05
1.615317e-05	5.886868e-06	4.120711e-05	1.90954e-05	3.818971e-05
3.086655e-05	0	-7.321748e-06	-2.498048e-05	-1.033693e-05
1.471574e-05	-4.378808e-06	1.320815e-05	-1.026501e-05	-4.450598e-06
8.829394e-06	2.943114e-06	7.393638e-06	-2.943092e-06	-5.886366e-05
-3.524807e-05	-2.060383e-05	2.498298e-05	-7.322534e-06	1.177346e-05
1.026577e-05	2.943313e-06	1.507547e-06	8.758086e-06	-3.381238e-05
-1.170179e-05	-8.830276e-06	-4.451063e-06	-3.087082e-05	-2.943547e-06
1.766115e-05	3.087037e-05	-8.830263e-06	0	-4.853194e-05
-3.230807e-05	-4.451416e-06	-2.347796e-05	-2.943798e-05	4.379851e-06
4.559239e-05	-1.759052e-05	-1.507773e-06	1.507773e-06	3.230888e-05
-1.177467e-05	-5.887388e-06	-1.321085e-05	3.087291e-05	-1.435928e-06
1.758998e-05	-3.230836e-05	1.766203e-05	4.11384e-05	3.087064e-05
2.203962e-05	2.211092e-05	1.90954e-05	-2.648958e-05	-7.322447e-06
-1.766024e-05	0	5.886782e-06	-2.943386e-06	2.060352e-05
-2.498272e-05	-3.532147e-05	-2.354834e-05	-2.34771e-05	-3.532438e-05
-5.887517e-06	1.507782e-06	-3.970569e-05	-1.766343e-05	1.436063e-06
-7.323944e-06	1.177573e-05	3.231073e-05	2.505805e-05	-2.943789e-05
1.766284e-05	-1.177519e-05	-1.766305e-05	-2.204334e-05	-1.615585e-05
4.380057e-06	2.49875e-05	-1.615564e-05	-2.943945e-06	-5.442864e-05
2.944105e-06	1.910057e-05	-1.026831e-05	8.832185e-06	3.532796e-05
-1.328374e-05	-1.436091e-06	-2.204425e-05	0	1.464835e-05
7.3959e-06	1.321196e-05	6.174922e-05	4.709917e-05	2.053339e-05
-2.347703e-05	8.759078e-06	-2.05337e-05	-5.887361e-06
